  0.9959536      7.9041690E-02 -4.2764984E-02
  0.8761591     -1.4950413E-02 -0.4817901    
  0.8869783     -5.5180021E-02  0.4585026    
 -0.9978907      1.9839464E-02  6.1809473E-02
 -0.8442029      5.7796936E-02  0.5328986    
 -0.8443919      7.1644172E-02 -0.5309137    
 -1.8898658E-02   1.380071     -5.3281873E-02
 -0.5947330       1.223505     -7.9500914E-02
  0.6290656       1.191396      9.9840704E-03
 -0.1006644      -1.388037     -0.1081614    
  0.7158133      -1.133777      5.6229603E-02
 -0.7008358      -1.191331     -5.7600696E-02
  6.2555380E-02  1.5256885E-02  0.9979249    
 -2.8316367E-02 -0.4841180      0.8745444    
  2.7606569E-02  0.5129365      0.8579826    
 -4.2303033E-02 -6.7472480E-02 -0.9968239    
 -2.0625610E-02  0.4322402     -0.9015226    
 -1.5496802E-04 -0.5653075     -0.8248802    
   1.518945      0.9999999    
  0.9978098     -6.5134272E-02  1.1533247E-02
  0.8629905     -5.1783919E-02 -0.5025592    
  0.8227581     -2.3211395E-02  0.5679175    
 -0.9962658     -6.1544292E-02  6.0553394E-02
 -0.8746883      2.5348989E-02  0.4840226    
 -0.8902185     -7.5730912E-02 -0.4491946    
  2.9377923E-03   1.346653      6.0303461E-02
 -0.6709464       1.128104     -1.1837537E-02
  0.7595640       1.137467     -0.1095647    
  6.6885993E-02  -1.298311      6.3519806E-02
  0.6639307      -1.171164      6.1371226E-02
 -0.6311745      -1.158733      0.1016243    
  6.5663695E-02 -5.8894571E-02  0.9961022    
  6.2209833E-02 -0.5474109      0.8345485    
  1.3702259E-02  0.4801975      0.8770534    
  6.8467058E-02  3.9673090E-02 -0.9968643    
 -6.4426593E-02  0.5011392     -0.8629651    
 -5.2597173E-02 -0.5652285     -0.8232559    
   1.514582      0.9999999    
  0.9944099      7.4252911E-02 -7.5070046E-02
  0.9055727     -1.7984392E-03 -0.4241874    
  0.8669777      6.2618650E-02  0.4943972    
 -0.9961729      6.4134553E-02 -5.9383098E-02
 -0.8663377     -4.2032775E-02  0.4976870    
 -0.8311386     -1.9866498E-02 -0.5557103    
 -1.2528373E-02   1.305701      8.5069999E-02
 -0.5813385       1.238766     -5.2804343E-02
  0.6196997       1.230979      4.3866869E-02
 -3.3277620E-02  -1.328027     -1.3555948E-03
  0.7157086      -1.167285      7.9467423E-02
 -0.5729685      -1.211465     -1.4061604E-02
  5.2491292E-02 -3.3452194E-02  0.9980609    
  2.9149672E-02 -0.4672461      0.8836467    
  2.9768370E-02  0.4474352      0.8938208    
  4.7366910E-02  1.2994092E-02 -0.9987931    
  7.4440273E-03  0.5212561     -0.8533679    
 -3.6853123E-03 -0.4639167     -0.8858712    
   1.541889      0.9999999    
  0.9985037     -2.7263360E-02 -4.7402330E-02
  0.8570241     -6.8688162E-02 -0.5106776    
  0.8207774     -1.9679870E-02  0.5709090    
 -0.9968681     -7.3797800E-02  2.8420610E-02
 -0.8977535      7.7889457E-02  0.4335571    
 -0.9019839      5.8079012E-02 -0.4278457    
 -3.8066521E-02   1.317248     -8.6195059E-02
 -0.6044598       1.169567     -7.3049523E-02
  0.6433442       1.228550      5.5336230E-02
  9.1259209E-03  -1.333911      9.9157438E-02
  0.6072272      -1.190097      5.8998145E-02
 -0.6113169      -1.197604      3.5000056E-02
  1.7353725E-02 -4.5801569E-02  0.9987998    
  6.7417929E-03 -0.4423296      0.8968272    
  7.1377501E-02  0.4815150      0.8735265    
 -8.3885834E-02  4.6771821E-02 -0.9953771    
  3.2028101E-02  0.5376764     -0.8425427    
  6.4537287E-02 -0.4748641     -0.8776896    
   1.526154      0.9999999    
  0.9990811      1.2254970E-02  4.1069541E-02
  0.8465893     -2.1754436E-02 -0.5318019    
  0.8461352      9.8912492E-03  0.5328766    
 -0.9965031      7.9279378E-02 -2.6386648E-02
 -0.8978559     -5.5767626E-02  0.4367434    
 -0.9036570     -7.5959233E-03 -0.4281895    
  6.1130486E-02   1.372585     -1.7845728E-02
 -0.6607287       1.123726     -6.7280321E-03
  0.7333754       1.172835     -0.1018686    
 -0.1151878      -1.334432      2.9593131E-02
  0.5548126      -1.186126     -2.4715647E-02
 -0.6936125      -1.189572      1.6128205E-02
  4.9795069E-02 -4.6652719E-02  0.9976693    
  6.6685267E-02 -0.4506619      0.8902005    
 -7.3054492E-02  0.5134203      0.8550220    
 -6.4647160E-02  2.9342825E-02 -0.9974767    
 -3.5553064E-02  0.4246545     -0.9046571    
 -3.2322731E-02 -0.4484037     -0.8932465    
   1.530732      0.9999999    
  0.9996783     -2.7580606E-03  2.5211150E-02
  0.8463148     -4.6510268E-02 -0.5306487    
  0.8600821      2.1244559E-02  0.5097131    
 -0.9962572     -7.6982379E-02 -3.9311290E-02
 -0.8438030     -6.9631994E-02  0.5321162    
 -0.8188909      5.9904635E-02 -0.5708144    
 -0.1013954       1.322591      8.9209624E-02
 -0.7538592       1.169134      0.1181635    
  0.7072844       1.103163     -7.5763717E-02
 -7.2745800E-02  -1.365734     -7.9120912E-02
  0.6320652      -1.222021      9.8263612E-03
 -0.7265271      -1.092908     -8.8172667E-02
  1.1855849E-03 -5.1257797E-02  0.9986848    
 -6.2610246E-02 -0.4619893      0.8846727    
 -5.2886312E-03  0.4300421      0.9027933    
 -8.1147566E-02 -5.5556674E-02 -0.9951525    
  5.4234762E-02  0.4290980     -0.9016282    
  1.5182546E-03 -0.4849010     -0.8745677    
   1.554189      0.9999999    
  0.9964706      8.2494602E-02  1.5526219E-02
  0.8723822      6.3150148E-03 -0.4887836    
  0.8577371     -3.7783585E-02  0.5126983    
 -0.9950934      8.4782496E-02 -5.1001702E-02
 -0.8280763      7.9959614E-04  0.5606148    
 -0.8553658     -5.6467116E-02 -0.5149376    
  4.8095480E-02   1.379506      1.0600898E-02
 -0.6196023       1.215107      5.9642579E-02
  0.7120976       1.129451     -9.1135062E-02
  5.4425277E-02  -1.390501      7.5025126E-02
  0.5832433      -1.185820     -7.5119898E-02
 -0.5636086      -1.190350     -6.7901589E-02
 -2.9433662E-02  7.0830449E-02  0.9970540    
  1.7297149E-02 -0.4228393      0.9060395    
  3.2683074E-02  0.5289668      0.8480129    
  2.6020495E-02 -3.5867367E-02 -0.9990178    
 -6.2402636E-02  0.4287304     -0.9012747    
 -3.0367516E-03 -0.4977536     -0.8673131    
   1.543365      0.9999999    
  0.9979851      2.7558589E-02 -5.7150036E-02
  0.8764518     -6.8403743E-02 -0.4766058    
  0.8513157      7.4148048E-03  0.5246014    
 -0.9997172     -2.3429807E-02 -4.0759570E-03
 -0.8742250      5.4518815E-02  0.4824503    
 -0.8555228      2.1285953E-02 -0.5173274    
 -2.3572683E-02   1.320574      5.9206232E-02
 -0.6859888       1.126316     -9.5102362E-02
  0.7286095       1.080137      3.4338221E-02
 -6.0835946E-02  -1.318095     -3.7403304E-02
  0.6435472      -1.152816      3.6327492E-02
 -0.7436666      -1.124737     -0.1144385    
  5.1243357E-02  3.2748070E-02  0.9981491    
  5.7538588E-02 -0.4843527      0.8729787    
  7.4485205E-02  0.5053735      0.8596799    
 -7.3225275E-02 -4.2500161E-02 -0.9964095    
 -6.0218900E-02  0.4633590     -0.8841223    
  1.3520693E-02 -0.4425344     -0.8966496    
   1.533335      0.9999999    
  0.9964271     -3.6942907E-02  7.5949073E-02
  0.8702813     -6.6880539E-02 -0.4879933    
  0.8242194      2.9118365E-02  0.5655214    
 -0.9997623     -2.0806052E-02 -6.5113595E-03
 -0.8530526      3.9113935E-02  0.5203570    
 -0.8293395     -3.9196856E-02 -0.5573684    
  8.9334853E-02   1.363582      6.7204754E-03
 -0.6787090       1.163282      5.2690469E-02
  0.6600285       1.141966     -0.1110537    
 -1.8587088E-02  -1.330542      3.6079872E-02
  0.6734118      -1.175444     -5.2643094E-02
 -0.6498346      -1.214066      1.5161954E-03
  6.1772177E-03 -4.6597335E-02  0.9988946    
 -7.0046082E-02 -0.5124856      0.8558341    
 -7.0889257E-02  0.5004926      0.8628336    
 -5.3513031E-02  3.4657858E-02 -0.9979655    
  5.4269388E-02  0.5511224     -0.8326577    
  2.8127113E-02 -0.5280663     -0.8487372    
   1.508695      0.9999999    
  0.9982099     -3.4805760E-03  5.9706077E-02
  0.8769920     -5.8054671E-02 -0.4769852    
  0.8790639     -7.5252287E-02  0.4707267    
 -0.9952815      4.3880593E-02  8.6540967E-02
 -0.8464237      3.9697718E-02  0.5310282    
 -0.8610928      2.6341056E-02 -0.5077650    
  0.1089585       1.350664      0.1108976    
 -0.5822359       1.202309     -5.2558679E-02
  0.6524372       1.152582      2.1586511E-02
  0.1149003      -1.366476     -3.5740361E-02
  0.5901152      -1.242585     -6.9329374E-02
 -0.6342397      -1.243262     -1.0431123E-02
 -5.6641467E-02  1.1430965E-02  0.9983292    
  3.1912435E-02 -0.4856593      0.8735655    
  4.5020159E-02  0.4814238      0.8753309    
 -5.2521452E-02  5.2882835E-02 -0.9972185    
  6.3910350E-02  0.4980455     -0.8647926    
  6.0558341E-02 -0.5408450     -0.8389395    
   1.531686      0.9999999    
  0.9980110      4.0093679E-03 -6.2912516E-02
  0.8704645      5.1277589E-02 -0.4895529    
  0.8204497      5.7065628E-02  0.5688636    
 -0.9964879     -4.5982592E-02 -6.9982089E-02
 -0.8471455      6.3796893E-02  0.5275173    
 -0.8640900      2.2626171E-02 -0.5028286    
 -7.2785102E-02   1.397385     -3.9259091E-02
 -0.7308789       1.085035     -7.6294683E-02
  0.6339359       1.220389     -7.9305924E-02
  0.1053170      -1.345376      2.7395999E-02
  0.7232288      -1.156810     -2.4536500E-02
 -0.5777401      -1.222575     -6.6821952E-03
  8.3089851E-02 -8.6250082E-03  0.9965047    
 -5.2929133E-02 -0.4355004      0.8986311    
  6.6504620E-02  0.5647023      0.8226107    
  7.8963742E-02  1.1450863E-02 -0.9968117    
  5.3584587E-02  0.4792247     -0.8760551    
  2.3002259E-02 -0.4852044     -0.8740982    
   1.522837      0.9999999    
  0.9965574      8.0863096E-02  1.8292958E-02
  0.8744368     -2.0033112E-02 -0.4847257    
  0.9036765      1.5319705E-02  0.4279419    
 -0.9950389      7.5764768E-02  6.4478219E-02
 -0.8665438      1.6404577E-03  0.4990983    
 -0.8729861      6.0428597E-02 -0.4839871    
 -5.0266031E-02   1.374606     -4.5221604E-02
 -0.5797274       1.213880      3.9207634E-02
  0.7782123       1.117311     -5.1177464E-02
 -1.7752118E-02  -1.364625      7.6948106E-02
  0.6966075      -1.128287      0.1117706    
 -0.6165751      -1.174830      7.1441010E-02
 -1.8318180E-02 -6.0324930E-02  0.9980107    
 -5.3989399E-02 -0.5508564      0.8328519    
  1.9449860E-02  0.5573339      0.8300606    
  5.0984006E-02  7.3339686E-02 -0.9960030    
  1.8961936E-02  0.5062821     -0.8621594    
  6.1520662E-02 -0.5158352     -0.8544760    
   1.512904      0.9999999    
  0.9961021      7.3254474E-02  4.9136508E-02
  0.8773112     -1.1137699E-02 -0.4797927    
  0.8968681     -2.8767657E-02  0.4413614    
 -0.9974904      7.0710033E-02 -3.5997096E-03
 -0.8856043     -6.1044589E-02  0.4604113    
 -0.8217645     -6.1329469E-02 -0.5665172    
 -6.5428349E-03   1.313291     -4.8769675E-02
 -0.7038869       1.098676      8.3663613E-03
  0.7345183       1.185710     -3.0465670E-02
 -5.3529516E-02  -1.345596     -9.1635555E-02
  0.7963798      -1.144812     -0.1069451    
 -0.7006046      -1.178319     -0.1119727    
  6.0427934E-02 -2.3565337E-02  0.9978944    
 -4.1493282E-02 -0.4384897      0.8977779    
 -2.1984827E-02  0.5097982      0.8600131    
 -4.7232248E-02  1.2365356E-02 -0.9988074    
 -5.7511333E-02  0.4580748     -0.8870512    
  6.7679025E-02 -0.5053903     -0.8602326    
   1.556889      0.9999999    
  0.9998578     -1.3081293E-02  1.0639650E-02
  0.9040028     -3.0228312E-03 -0.4275158    
  0.8573406      6.6498287E-02  0.5104361    
 -0.9949329     -7.2132654E-02  7.0037752E-02
 -0.8481624     -9.7538717E-03  0.5296465    
 -0.8583458     -1.6879482E-02 -0.5127938    
 -8.6971283E-02   1.379021      7.5376697E-02
 -0.6154113       1.156572      8.3465958E-03
  0.6828881       1.163524     -8.5086241E-02
  1.5828507E-02  -1.384599     -7.1617499E-02
  0.6270239      -1.208006      9.0561621E-02
 -0.7585068      -1.084186      9.9169247E-02
  5.2820005E-02  3.7029199E-02  0.9979173    
  5.8110412E-02 -0.4999874      0.8640808    
  5.6675546E-02  0.4773116      0.8769045    
 -4.9639191E-02 -8.0805995E-02 -0.9954930    
  6.9794439E-02  0.4745682     -0.8774473    
  6.4401016E-02 -0.5686497     -0.8200549    
   1.479746      0.9999999    
  0.9974717     -7.1063466E-02  3.5389874E-04
  0.8207811     -6.5151826E-03 -0.5712057    
  0.8545762     -3.8839627E-02  0.5178716    
 -0.9990225     -3.4272142E-02 -2.7917033E-02
 -0.8487346     -3.2215443E-02  0.5278369    
 -0.8752046      6.0367547E-02 -0.4799714    
  5.4892797E-02   1.306257     -1.2954197E-02
 -0.7236248       1.150068      5.2707583E-02
  0.6947331       1.165883      7.6234221E-02
 -7.7132814E-02  -1.373107      5.7572167E-02
  0.6765883      -1.119325     -2.9313304E-02
 -0.6622332      -1.130734     -5.6636851E-02
 -4.3823734E-02 -7.0609219E-02  0.9965409    
  7.1804978E-02 -0.4333417      0.8983646    
 -5.8172428E-04  0.4697537      0.8827973    
  3.2093327E-02  5.8390595E-02 -0.9977778    
 -2.9931746E-02  0.5420866     -0.8397894    
 -4.7833133E-02 -0.4680970     -0.8823815    
   1.493064      0.9999999    
  0.9982433     -5.9117854E-02  3.9128424E-03
  0.8412973      5.1110084E-03 -0.5405484    
  0.9031394      8.3724037E-03  0.4292658    
 -0.9990570     -4.6685594E-03 -4.3166291E-02
 -0.8337382     -3.0572440E-02  0.5513129    
 -0.8490402      1.7505901E-02 -0.5280383    
 -7.0518121E-04   1.373253     -4.2825826E-02
 -0.7925555       1.153447      2.0317437E-02
  0.6228620       1.233910      9.6864864E-02
  8.3052650E-02  -1.296460     -0.1018888    
  0.6268222      -1.165577      9.5343880E-02
 -0.6524276      -1.211268     -2.7703138E-02
  3.6974523E-02 -7.5417474E-02  0.9964663    
  2.3038848E-03 -0.5233406      0.8521205    
 -6.2030293E-02  0.5281763      0.8468661    
 -2.9357519E-02 -1.8472256E-02 -0.9993982    
 -4.1100528E-02  0.5162263     -0.8554655    
  5.3411559E-03 -0.5059225     -0.8625624    
   1.531102      0.9999999    
  0.9999107      3.5699817E-05  1.3363615E-02
  0.8483864     -5.6179132E-02 -0.5263880    
  0.8857369      6.2082056E-02  0.4600172    
 -0.9986883      3.9433427E-02 -3.2661241E-02
 -0.8608759      2.2763869E-02  0.5083055    
 -0.8417482     -1.2284521E-02 -0.5397304    
  6.6077085E-03   1.372651      9.7747885E-02
 -0.6542495       1.164742     -5.8596274E-03
  0.6416130       1.239871      0.1042770    
 -7.5990930E-02  -1.384245      1.8942049E-03
  0.7211051      -1.126918      1.1409308E-02
 -0.7514708      -1.153176      7.5747482E-02
  5.9193425E-02 -7.1350969E-02  0.9956933    
  1.1794665E-03 -0.4466019      0.8947320    
  1.5869802E-02  0.5510055      0.8343507    
  7.1236327E-02  8.9168940E-03 -0.9974197    
  5.0712127E-02  0.5530143     -0.8316270    
 -2.1659622E-02 -0.4923404     -0.8701332    
   1.539732      0.9999999    
  0.9973698      6.1561208E-02 -3.8258944E-02
  0.8911998     -3.2101266E-02 -0.4524738    
  0.8515942     -1.7866718E-02  0.5238971    
 -0.9948150      8.0936439E-02  6.1582778E-02
 -0.8830074      3.7167087E-02  0.4678852    
 -0.8961635     -6.8908006E-02 -0.4383409    
 -3.0392278E-02   1.337637      4.7693629E-02
 -0.7564454       1.130235      6.4549809E-03
  0.6983129       1.161628     -7.4921705E-02
 -2.4728610E-03  -1.336740     -1.6983431E-02
  0.7756781      -1.143824      0.1012638    
 -0.6033574      -1.232148      5.2401226E-02
  3.2999638E-02  3.7872706E-02  0.9987376    
 -2.9221848E-02 -0.4308256      0.9019620    
  9.6734250E-03  0.4636757      0.8859522    
 -1.1338018E-02  5.8114748E-02 -0.9982455    
 -2.1562048E-03  0.4517202     -0.8921570    
  3.3325177E-02 -0.5722103     -0.8194296    
   1.501580      0.9999999    
  0.9960288      8.3097912E-02  3.1959459E-02
  0.8232980      4.7620140E-02 -0.5656083    
  0.8592799      3.2495707E-02  0.5104725    
 -0.9966019     -1.6254360E-04  8.2368217E-02
 -0.8493391     -4.1060194E-02  0.5262483    
 -0.8250167     -5.2707110E-02 -0.5626450    
 -7.9904422E-02   1.321091     -6.7782678E-02
 -0.7617819       1.127550      4.8401237E-02
  0.7204494       1.173474      1.6137170E-02
  1.6361149E-02  -1.327027      4.0915903E-02
  0.6044167      -1.188943      2.7056908E-02
 -0.7599586      -1.095643     -8.6765230E-02
 -2.0270100E-02 -3.2769594E-02  0.9992574    
 -5.2770816E-02 -0.4244648      0.9039054    
  3.9550303E-03  0.4790234      0.8777933    
  8.1495471E-02  7.9581223E-02 -0.9934915    
 -4.0331043E-02  0.5499068     -0.8342518    
  1.0037686E-02 -0.5610214     -0.8277404    
   1.493673      0.9999999    
  0.9956583      8.6882122E-02  3.3405345E-02
  0.8630893      1.5151622E-02 -0.5048240    
  0.8308217     -3.5693288E-02  0.5553929    
 -0.9984478     -5.5668592E-02  1.7103624E-03
 -0.8237107      4.1117959E-02  0.5655175    
 -0.8472635      3.1036854E-02 -0.5302653    
  6.9187381E-03   1.307498      5.9825473E-02
 -0.7634503       1.111588     -4.8877440E-02
  0.6604546       1.134919     -5.9229475E-02
 -9.0118749E-03  -1.398619      6.6819869E-04
  0.6064390      -1.156470      4.0111788E-02
 -0.6937028      -1.112819      4.2578738E-02
 -2.9214773E-02 -3.7911031E-02  0.9988539    
  1.7769830E-02 -0.4797482      0.8772262    
 -3.5659421E-02  0.5144052      0.8568055    
 -7.8241765E-02 -7.3649108E-02 -0.9942102    
  3.1046353E-02  0.4902638     -0.8710209    
 -6.8898767E-02 -0.5190871     -0.8519399    
   1.475634      0.9999999    
  0.9980812      6.1647851E-02 -5.7926863E-03
  0.8699306     -2.9904144E-02 -0.4922667    
  0.8487253     -6.9223315E-02  0.5242838    
 -0.9997460     -2.2462586E-02  1.8360612E-03
 -0.8234859     -7.1091861E-02  0.5628650    
 -0.8555248     -4.1719157E-02 -0.5160785    
  6.5890975E-02   1.361978     -1.9252861E-03
 -0.5654024       1.209680     -7.3407829E-02
  0.6571173       1.222743     -9.8537691E-02
  3.0250980E-02  -1.374053     -5.5679020E-02
  0.7302268      -1.145116     -5.8668964E-02
 -0.6527222      -1.227135      2.1539632E-02
 -3.7296895E-02  1.9563062E-02  0.9991127    
 -7.5792535E-03 -0.5347199      0.8449954    
 -5.1605608E-03  0.4329155      0.9014198    
  4.9833167E-02  2.6080187E-02 -0.9984170    
 -7.7412352E-02  0.4416078     -0.8938624    
  2.5270408E-02 -0.5000975     -0.8656003    
   1.568051      0.9999999    
  0.9990523      1.1018913E-02  4.2109299E-02
  0.8668380     -4.4979393E-03 -0.4985695    
  0.8761137     -9.5921997E-03  0.4820091    
 -0.9965677     -1.4727806E-02 -8.1460990E-02
 -0.8406671     -1.4583011E-02  0.5413558    
 -0.8894510     -3.3537827E-02 -0.4557983    
  9.6950767E-04   1.335941      0.1060131    
 -0.7027931       1.160376      8.8067554E-02
  0.7975774       1.146841      7.4310317E-03
 -8.3494216E-02  -1.377025      7.5148679E-02
  0.6458874      -1.176565      0.1090292    
 -0.7296695      -1.168511      3.1448085E-02
  2.7166786E-02 -6.7445695E-02  0.9973530    
 -6.8672262E-02 -0.5305937      0.8448399    
 -2.8548470E-02  0.4421442      0.8964896    
 -3.3018500E-02  1.2461535E-02 -0.9993771    
 -5.0042272E-02  0.4308200     -0.9010494    
  2.7410256E-02 -0.5666709     -0.8234882    
   1.533081      0.9999999    
  0.9979127      5.5772558E-02 -3.2553755E-02
  0.8654239     -1.3388816E-02 -0.5008615    
  0.8713647     -1.2953576E-05  0.4906358    
 -0.9994745      2.2530744E-02 -2.3303423E-02
 -0.8684102      6.5235235E-02  0.4915364    
 -0.8402125     -3.9338343E-02 -0.5408285    
  0.1016079       1.387300      1.1890023E-02
 -0.7461239       1.074492     -0.1073712    
  0.7396398       1.126607      2.8217198E-02
  9.5516637E-02  -1.323045     -3.1410236E-02
  0.7032263      -1.093423      2.5849046E-02
 -0.6532138      -1.177812     -4.4076994E-02
  6.1021771E-02 -2.5154814E-02  0.9978194    
 -3.9234027E-02 -0.5311453      0.8463718    
  3.3130895E-02  0.5045119      0.8627689    
  1.2990599E-02  2.9438447E-02 -0.9994822    
  6.9664992E-02  0.5532937     -0.8300680    
  1.4471157E-03 -0.5472628     -0.8369596    
   1.491261      0.9999999    
  0.9997092      2.0729650E-02  1.2316934E-02
  0.8863460     -1.0497666E-02 -0.4629044    
  0.8516828     -1.5473641E-02  0.5238292    
 -0.9963238      8.5301958E-02  7.9119923E-03
 -0.8967552     -3.2901455E-02  0.4413021    
 -0.8836348      3.7766438E-02 -0.4666511    
 -0.1004752       1.338992     -2.1760548E-02
 -0.7358497       1.184085     -1.3398770E-02
  0.5894565       1.203469      7.7977829E-02
 -4.2586852E-02  -1.313883      8.1668317E-02
  0.6853008      -1.129193     -2.3149003E-03
 -0.7070985      -1.143389     -5.8193151E-02
  7.3757232E-03 -7.3293699E-03  0.9999459    
  3.4753401E-02 -0.4425538      0.8960683    
 -2.6145820E-02  0.5731655      0.8190224    
 -1.6147874E-02 -7.1763016E-02 -0.9972910    
  7.7138242E-04  0.5725346     -0.8198802    
  2.2842385E-02 -0.5062878     -0.8620620    
   1.500224      0.9999999    
  0.9963765     -1.0642271E-02  8.4383696E-02
  0.8810859     -5.7890099E-02 -0.4694000    
  0.8797481      2.5192590E-02  0.4747721    
 -0.9986051     -5.2011181E-02  9.0982728E-03
 -0.8459758     -3.0602004E-02  0.5323425    
 -0.8691471     -2.5384376E-02 -0.4939017    
  7.1917945E-03   1.384013      5.4437537E-02
 -0.6757394       1.224204      4.4588805E-03
  0.5707524       1.199176      3.7186280E-02
  5.6952327E-02  -1.366461     -5.8827372E-03
  0.5931509      -1.234069      9.5957853E-02
 -0.5959068      -1.261464      7.9084083E-02
 -6.5600313E-02 -3.5451807E-02  0.9972160    
 -5.7974190E-02 -0.4801542      0.8752662    
 -1.8621214E-02  0.5345561      0.8449278    
  3.4223173E-02 -7.1857937E-02 -0.9968276    
 -4.2075507E-02  0.4528173     -0.8906100    
 -2.8719140E-02 -0.5152673     -0.8565482    
   1.517743      0.9999999    
  0.9990296      3.4209702E-02 -2.7741076E-02
  0.8944555     -1.5345446E-02 -0.4468935    
  0.8681511     -7.5328402E-02  0.4905500    
 -0.9992298     -6.1971918E-03  3.8745701E-02
 -0.8335943      1.8445456E-02  0.5520690    
 -0.8595460      7.4073315E-02 -0.5056617    
  7.7148512E-02   1.392658     -0.1187412    
 -0.7217872       1.087154     -1.6870548E-03
  0.5763778       1.166234      4.3276493E-03
  6.7280926E-02  -1.298821      6.3180186E-02
  0.5959015      -1.210588      4.0563680E-02
 -0.6875100      -1.113575      0.1043768    
  6.6432692E-02  6.2892213E-03  0.9977711    
  6.3426852E-02 -0.5683659      0.8203275    
  1.4259416E-02  0.5707326      0.8210122    
  1.3554832E-02 -2.1567071E-02 -0.9996755    
 -3.8832873E-02  0.4929070     -0.8692150    
  2.0351054E-02 -0.5721114     -0.8199233    
   1.483468      0.9999999    
  0.9941500     -6.6468976E-02  8.5133061E-02
  0.8579073      4.3817811E-02 -0.5119327    
  0.8488817      9.2516802E-03  0.5285020    
 -0.9984214     -4.8263419E-02 -2.8727373E-02
 -0.8227749      3.6343664E-02  0.5672041    
 -0.8756103      7.3182814E-02 -0.4774421    
  0.1125591       1.375721      6.0786981E-02
 -0.6607040       1.138482      6.7878358E-02
  0.5955207       1.259755     -0.1166621    
 -1.4341143E-02  -1.314260      9.5940553E-02
  0.5838444      -1.221120     -9.6154839E-02
 -0.6336864      -1.196511     -7.4148089E-02
  8.6229824E-02  6.9196954E-02  0.9938693    
 -7.2158813E-02 -0.5510362      0.8313557    
  1.2509380E-02  0.5334128      0.8457626    
 -2.9694203E-02  3.8569584E-02 -0.9988146    
 -3.0751133E-02  0.4765087     -0.8786318    
  6.1582837E-02 -0.4267484     -0.9022712    
   1.534675       1.000000    
  0.9943207      6.1424308E-02 -8.6910404E-02
  0.8759698      1.7553398E-02 -0.4820464    
  0.8706047      1.6255623E-02  0.4917146    
 -0.9946310      6.4830489E-02 -8.0660731E-02
 -0.8733701     -1.9468417E-02  0.4866680    
 -0.8637245     -2.6248062E-02 -0.5032802    
 -6.2288769E-02   1.352972     -4.8782252E-02
 -0.6163265       1.193349     -5.4305424E-03
  0.7687975       1.155904     -0.1016990    
  3.8637947E-02  -1.395434     -5.2279457E-02
  0.6084294      -1.202423      5.0005287E-02
 -0.5825318      -1.161212      5.4446954E-02
 -7.8512862E-02 -8.4953278E-02  0.9932868    
  7.0695020E-02 -0.4228016      0.9034606    
 -8.6403755E-04  0.5655549      0.8247102    
  2.2640988E-02  8.2560275E-03 -0.9997095    
  2.0159008E-02  0.4973279     -0.8673284    
  6.1640054E-02 -0.4520632     -0.8898535    
   1.497534      0.9999999    
  0.9981850      5.5636846E-02 -2.3046838E-02
  0.8453126      4.6056595E-02 -0.5322832    
  0.8519164      5.7321798E-02  0.5205311    
 -0.9990396      3.8902104E-02  2.0160398E-02
 -0.8796604     -5.4080769E-02  0.4725175    
 -0.8913912     -6.2085256E-02 -0.4489623    
  1.9304113E-02   1.374401     -0.1047581    
 -0.7237715       1.132251      6.3013069E-02
  0.6746731       1.116751     -8.5968606E-02
 -9.5042296E-02  -1.306911      6.4026214E-02
  0.7806577      -1.131865     -4.6354622E-02
 -0.7510940      -1.097096      9.6955076E-02
 -5.4320931E-02  6.9385462E-02  0.9961099    
 -3.7805952E-02 -0.4806632      0.8760900    
  7.3222004E-02  0.4629715      0.8833436    
  3.6244210E-02 -4.8002854E-02 -0.9981894    
 -1.8444778E-02  0.5308862     -0.8472424    
 -2.0377362E-02 -0.5662262     -0.8239980    
   1.518590      0.9999999    
  0.9968698      6.5835588E-02  4.3776438E-02
  0.8430603     -5.6361109E-02 -0.5348577    
  0.8509711     -6.0180623E-02  0.5217533    
 -0.9955570      5.1277515E-02 -7.8974046E-02
 -0.8651733     -1.5383089E-02  0.5012369    
 -0.8500905     -4.3068659E-02 -0.5248725    
  3.1131065E-02   1.375904     -3.8475841E-02
 -0.6784521       1.140042      9.8152697E-02
  0.6176005       1.191230      0.1078288    
 -2.5538480E-02  -1.311908      3.8543116E-02
  0.6979386      -1.172949     -7.8005314E-02
 -0.7135896      -1.192611      2.9435197E-02
  8.6521627E-03 -6.0167659E-02  0.9981508    
 -5.6524757E-02 -0.5106922      0.8579035    
  6.6302054E-02  0.5100069      0.8576112    
  3.6398470E-02  1.0702396E-02 -0.9992800    
 -5.3314492E-02  0.5503348     -0.8332402    
  2.8637193E-02 -0.4297752     -0.9024817    
   1.525708      0.9999999    
  0.9941431      8.6278573E-02 -6.5080032E-02
  0.8591446     -2.4901366E-02 -0.5111267    
  0.8705084      9.6327029E-03  0.4920592    
 -0.9981703     -5.4657575E-02  2.5858097E-02
 -0.9049807      4.0318474E-02  0.4235381    
 -0.8279613     -4.0079523E-02 -0.5593511    
  9.3957037E-02   1.311715      8.9988627E-02
 -0.6146429       1.224447      2.8926544E-02
  0.6846796       1.123253      8.1952974E-02
  8.5503750E-02  -1.318467     -2.1084156E-02
  0.7134384      -1.188102      1.4737949E-02
 -0.7648542      -1.129391      7.6596275E-02
  7.8227827E-03  7.4873090E-02  0.9971624    
 -6.0356703E-02 -0.5200426      0.8520051    
 -7.2055578E-02  0.4410110      0.8946046    
 -5.5852380E-02 -3.3157870E-02 -0.9978883    
 -4.2995401E-03  0.4454722     -0.8952855    
 -1.0450943E-02 -0.4655253     -0.8849729    
   1.521023      0.9999999    
  0.9985245     -3.7347665E-04  5.4301549E-02
  0.8958735     -6.2948293E-03 -0.4442645    
  0.8424079      3.3773009E-02  0.5377808    
 -0.9958795     -2.8101411E-02 -8.6223021E-02
 -0.8383414      6.7789219E-02  0.5409142    
 -0.8328358     -4.9194682E-02 -0.5513297    
  2.5120998E-02   1.327370      6.2740542E-02
 -0.7171278       1.179958      8.2498454E-02
  0.6988391       1.113935      2.3019461E-02
  8.7563567E-02  -1.307274     -4.4908561E-02
  0.7196147      -1.116633      1.5155200E-02
 -0.6269332      -1.225215     -0.1069462    
 -3.1367704E-02  7.5116046E-02  0.9966813    
  1.2353678E-02 -0.5552199      0.8316118    
  5.6474101E-02  0.4582408      0.8870322    
  1.6916826E-02 -1.2210612E-02 -0.9997823    
 -1.5132735E-02  0.5271165     -0.8496583    
  1.1416425E-02 -0.5124892     -0.8586178    
   1.544769      0.9999999    
  0.9977306      4.6782520E-02 -4.8425265E-02
  0.8814800     -3.5468776E-02 -0.4708875    
  0.8340178     -3.8495012E-02  0.5503930    
 -0.9978207      2.4570167E-02 -6.1238021E-02
 -0.8632289      5.9652202E-02  0.5012759    
 -0.8974807     -5.4461114E-02 -0.4376783    
 -6.6301502E-02   1.316769     -9.3562745E-02
 -0.6020643       1.233220      5.4845791E-03
  0.7592858       1.129050      7.4114919E-02
 -0.1012529      -1.336300     -8.1072934E-02
  0.6030068      -1.229332      1.8372593E-02
 -0.6609384      -1.148982     -2.8647449E-02
  2.3777857E-03 -1.0189640E-02  0.9999453    
  6.4424016E-02 -0.4823603      0.8736007    
 -3.3156697E-02  0.5467458      0.8366418    
  5.1876191E-02  6.7467287E-02 -0.9963720    
  2.3004383E-02  0.5627406     -0.8263134    
  3.8581148E-03 -0.4849280     -0.8745456    
   1.509583      0.9999999    
  0.9968425     -2.4076665E-02 -7.5666621E-02
  0.8787198     -1.5682099E-02 -0.4770803    
  0.8611499     -3.5187956E-02  0.5071318    
 -0.9985305      4.6742752E-02  2.7421908E-02
 -0.9000697      3.0299406E-02  0.4346911    
 -0.8967183      3.8025126E-02 -0.4409653    
  9.8175548E-02   1.381587     -2.0275990E-02
 -0.6167005       1.184493      6.4904861E-02
  0.6890898       1.101341     -7.8724220E-02
  9.6961953E-02  -1.336621      2.1223741E-02
  0.6774129      -1.140515     -6.1870672E-02
 -0.7159383      -1.154835      8.2260571E-02
 -5.1776230E-02  2.2379972E-02  0.9984080    
 -6.0478032E-02 -0.5662865      0.8219866    
 -1.6440414E-02  0.4521833      0.8917735    
  5.8924504E-02  6.1315633E-02 -0.9963776    
 -6.2368244E-02  0.4657963     -0.8826914    
  3.5071604E-02 -0.4285474     -0.9028383    
   1.535608      0.9999999    
  0.9961894      7.2328509E-03  8.6916387E-02
  0.8830260     -4.7269572E-02 -0.4669376    
  0.8593946     -2.4048969E-02  0.5107472    
 -0.9963272      8.9293187E-03 -8.5159913E-02
 -0.8507586     -4.5097284E-02  0.5236183    
 -0.8471768     -3.5007402E-02 -0.5301566    
 -9.3068615E-02   1.354045     -0.1080849    
 -0.6044378       1.168961      2.5018102E-03
  0.6785372       1.157284     -6.8892442E-02
 -5.9409469E-02  -1.356577      8.2496434E-02
  0.7164773      -1.113073      0.1000974    
 -0.7513029      -1.112968      3.6017650E-03
 -6.5228797E-02  8.2680406E-03  0.9978361    
  8.7659573E-03 -0.5564772      0.8308166    
 -2.5463361E-02  0.4249372      0.9048646    
 -2.3181893E-02  3.3320722E-04 -0.9997312    
  1.6702017E-02  0.5723183     -0.8198615    
 -5.4894138E-02 -0.4464792     -0.8931087    
   1.516723      0.9999999    
  0.9983694     -3.9334103E-02  4.1368008E-02
  0.8254162     -2.1323316E-02 -0.5641218    
  0.8609390      3.2779351E-02  0.5076510    
 -0.9977494     -4.2421263E-02  5.1927511E-02
 -0.8447574     -3.1573232E-02  0.5342172    
 -0.8360301      1.5766343E-02 -0.5484570    
 -2.5957271E-02   1.385998      0.1036878    
 -0.6272027       1.170129     -3.9042812E-02
  0.5617316       1.180923      1.9068481E-02
 -9.3773842E-02  -1.295074      9.1420330E-02
  0.6187845      -1.230834      2.4823869E-02
 -0.5628690      -1.179091     -4.9403431E-03
  6.2836312E-02 -4.9636189E-02  0.9967888    
  1.2671418E-02 -0.4464941      0.8946968    
 -6.5343328E-02  0.4263372      0.9022011    
 -3.9267838E-03 -3.5388499E-02 -0.9993659    
 -6.4791292E-02  0.5165955     -0.8537747    
  7.0142694E-02 -0.5414497     -0.8378021    
   1.506253      0.9999999    
  0.9973187     -6.6033244E-04 -7.3176473E-02
  0.8348812      5.7265017E-02 -0.5474432    
  0.8597932      2.9500335E-02  0.5097895    
 -0.9978229     -5.8271326E-02 -3.0886486E-02
 -0.8668603      3.4974098E-02  0.4973229    
 -0.9035990     -6.5177813E-02 -0.4233920    
  6.5229893E-02   1.383222     -7.5265706E-02
 -0.6543579       1.158016     -1.6149348E-02
  0.7316227       1.098326     -4.9058210E-02
  0.1017464      -1.373036      8.3999567E-02
  0.7374901      -1.171700      3.0810658E-02
 -0.6858389      -1.215273      0.1028504    
 -6.9043726E-02  1.1403739E-02  0.9975485    
 -3.5661172E-02 -0.5091977      0.8599105    
 -4.5162872E-03  0.5660732      0.8243426    
  8.6234190E-02  6.8331912E-02 -0.9939288    
  7.1754120E-02  0.5367838     -0.8406631    
  2.5592603E-02 -0.4667243     -0.8840325    
   1.531351      0.9999999    
  0.9997498      2.1989210E-02  4.1019535E-03
  0.9040533     -2.3336008E-02 -0.4267821    
  0.8434906     -4.1218948E-02  0.5355601    
 -0.9968097      7.1073256E-02 -3.6317322E-02
 -0.8210249     -5.6526471E-02  0.5680870    
 -0.8852001      1.8663008E-02 -0.4648359    
 -5.7136938E-02   1.378426      1.6854087E-02
 -0.5912861       1.202095      9.5232777E-02
  0.6498814       1.181078      7.4672021E-02
  0.1112262      -1.361385      4.6161748E-03
  0.6423634      -1.178495     -6.5530248E-02
 -0.7028024      -1.099588      8.9875646E-02
 -8.5290633E-02  4.1023407E-02  0.9955113    
  3.6947213E-02 -0.5445777      0.8378962    
  5.9641652E-02  0.5530827      0.8309888    
  8.1589028E-02  8.4115462E-03 -0.9966305    
  2.4710853E-02  0.5388570     -0.8420348    
  6.1052915E-02 -0.4998574     -0.8639532    
   1.490668      0.9999999    
  0.9969392      5.0910044E-02 -5.9331179E-02
  0.9010166     -2.2604380E-02 -0.4331953    
  0.8414039      6.2438030E-02  0.5367877    
 -0.9964929      5.9799768E-02  5.8532175E-02
 -0.8581663     -3.9429076E-02  0.5118554    
 -0.8212385      5.0901711E-02 -0.5683101    
 -1.5075195E-02   1.371923      0.1077849    
 -0.6926008       1.150969      8.7692358E-02
  0.7297342       1.175763      8.0683202E-02
 -8.3636314E-02  -1.386703     -8.2420416E-02
  0.6037738      -1.181423      0.1150478    
 -0.5845338      -1.229156      1.1415995E-02
  7.8035936E-02  6.4011370E-03  0.9969300    
 -1.5374988E-02 -0.5386987      0.8423582    
  6.0353663E-02  0.4528584      0.8895374    
 -1.0209569E-02 -6.7973047E-02 -0.9976349    
 -4.1118130E-02  0.4888900     -0.8713759    
 -8.6084930E-03 -0.4709412     -0.8821226    
   1.531860      0.9999999    
  0.9956385      7.6149732E-02 -5.3898878E-02
  0.8537377      4.0629026E-02 -0.5191159    
  0.8465703      5.6043610E-02  0.5293182    
 -0.9972565      6.7050204E-02 -3.1363960E-02
 -0.8853137     -5.3233836E-02  0.4619370    
 -0.8468939      2.2459116E-02 -0.5312874    
  3.2183465E-02   1.297369     -0.1126283    
 -0.5789402       1.199612     -9.5634721E-02
  0.7550350       1.153055     -7.7184297E-02
  8.2717016E-02  -1.329068      6.1062079E-02
  0.6705512      -1.164625     -3.3812135E-02
 -0.7570812      -1.122065      0.1123585    
  4.6310727E-03  4.3725431E-02  0.9990329    
  2.8576540E-02 -0.5612426      0.8271579    
  5.3259555E-02  0.4639404      0.8842639    
 -4.1480504E-02 -7.8297287E-02 -0.9960667    
  5.9908826E-02  0.4684225     -0.8814710    
 -4.2171925E-02 -0.5100465     -0.8591124    
   1.539610      0.9999999    
  0.9985090     -5.2250668E-02  1.5803209E-02
  0.8760723     -7.9271635E-03 -0.4821145    
  0.8800633     -5.5883877E-02  0.4715565    
 -0.9964331      6.9024444E-02  4.8544053E-02
 -0.8370128     -6.6033289E-02  0.5431843    
 -0.8688708      4.2028535E-02 -0.4932516    
  0.1080033       1.368276      2.9521678E-02
 -0.6823411       1.116206      3.3636048E-02
  0.5990758       1.159937     -4.9687061E-02
 -0.1004162      -1.329478      0.1110282    
  0.6193803      -1.147854     -1.5285121E-02
 -0.6895928      -1.117637      7.1950480E-02
  7.6935045E-02  3.6913019E-03  0.9970292    
  6.6656969E-02 -0.5565912      0.8281081    
  5.1703911E-02  0.5540105      0.8309026    
 -7.1449883E-02  7.5851589E-02 -0.9945559    
  2.1861089E-02  0.5464373     -0.8372146    
 -6.4523622E-02 -0.4905770     -0.8690057    
   1.458384      0.9999999    
  0.9960991     -7.3159568E-02  4.9338613E-02
  0.8956063      5.6857727E-02 -0.4411989    
  0.8642231      5.6431055E-02  0.4999340    
 -0.9963255      9.1059925E-03  8.5162148E-02
 -0.8209596      3.7474811E-02  0.5697552    
 -0.8260995      1.0823713E-02 -0.5634202    
 -0.1091581       1.348739     -4.2175215E-02
 -0.7628284       1.154066     -9.9378772E-02
  0.7823396       1.128234     -3.8078126E-02
 -6.1175365E-02  -1.385056     -9.3726739E-02
  0.6891962      -1.164682      5.1071346E-02
 -0.7422369      -1.138719      6.8568252E-02
  2.3693219E-02  2.7466010E-02  0.9993420    
  1.4357586E-02 -0.4899853      0.8716124    
  5.3942539E-02  0.4761485      0.8777088    
  1.6664201E-02 -6.2999353E-02 -0.9978744    
  6.4900689E-02  0.4659114     -0.8824480    
 -6.9422357E-02 -0.4438194     -0.8934231    
   1.535179      0.9999999    
  0.9954869      3.8413528E-02 -8.6776234E-02
  0.8406151      5.8501858E-02 -0.5384643    
  0.8437269     -8.6720875E-03  0.5367026    
 -0.9991875     -3.6325756E-02 -1.7457372E-02
 -0.9011236     -1.5947973E-02  0.4332689    
 -0.8838282      3.9208639E-02 -0.4661657    
  8.0443472E-03   1.315650     -1.9710293E-02
 -0.7417287       1.156003     -3.9599966E-02
  0.7423655       1.164415     -9.6307740E-02
 -8.6642824E-02  -1.323098     -5.1212393E-02
  0.6356565      -1.148263      3.6521144E-02
 -0.6172251      -1.212817      0.1031579    
 -7.7734195E-02 -5.2374613E-02  0.9955974    
 -7.0724487E-02 -0.5733253      0.8162696    
 -8.4319748E-03  0.5417267      0.8405125    
 -5.4364737E-02 -3.6416255E-02 -0.9978569    
  6.0280487E-02  0.5704123     -0.8191435    
 -3.3602830E-02 -0.5657801     -0.8238712    
   1.508065      0.9999999    
  0.9974823     -6.7874305E-02  2.0545484E-02
  0.8644630      6.7605279E-02 -0.4981296    
  0.9054558     -2.3451825E-03  0.4244342    
 -0.9966725     -6.7364653E-03 -8.1232071E-02
 -0.8630700     -6.1850954E-02  0.5012832    
 -0.8336383      5.8173452E-02 -0.5492386    
 -5.9731152E-02   1.351552      8.3777308E-02
 -0.6165718       1.147491      0.1001284    
  0.7153702       1.135478     -4.4579275E-02
 -1.5229112E-02  -1.333723      3.1291913E-02
  0.6523371      -1.205428     -1.7261345E-02
 -0.6357391      -1.146637     -4.7080975E-02
 -1.1147083E-02 -2.4181996E-02  0.9996454    
  7.1503259E-02 -0.5552979      0.8285720    
  1.0648008E-03  0.4894117      0.8720522    
  1.3971273E-02  4.8344851E-02 -0.9987330    
  2.2694089E-02  0.5442483     -0.8386171    
  1.2685838E-02 -0.4994643     -0.8662416    
   1.500071      0.9999999    
  0.9991499     -3.0178173E-02 -2.8084219E-02
  0.8981047     -5.8267362E-02 -0.4359048    
  0.8901311      3.2397170E-02  0.4545516    
 -0.9991318      2.1460198E-02 -3.5707831E-02
 -0.8419019      4.2302798E-02  0.5379699    
 -0.8517422     -3.0744355E-02 -0.5230584    
  6.4009733E-02   1.338800      6.1869666E-02
 -0.7581669       1.152326     -2.7857479E-02
  0.7021099       1.108449     -7.7636130E-02
  4.9967643E-02  -1.311212     -0.1093983    
  0.5717613      -1.167680      6.8485431E-02
 -0.7251303      -1.124208     -6.8607271E-02
  2.9242428E-02  9.9367453E-03  0.9995229    
  4.3608829E-02 -0.5714868      0.8194517    
 -3.6878090E-02  0.4908493      0.8704637    
  5.7745013E-02  7.3741674E-02 -0.9956042    
  8.1743263E-03  0.5327687     -0.8462214    
 -8.5060326E-03 -0.4720730     -0.8815185    
   1.481712      0.9999999    
  0.9991021      7.7358545E-03  4.1653704E-02
  0.8675836     -7.4550301E-02 -0.4916717    
  0.8508500     -3.5890059E-03  0.5253965    
 -0.9982206      2.7278788E-02  5.3024702E-02
 -0.8851315     -5.0826080E-02  0.4625570    
 -0.8653405      5.0979465E-02 -0.4985848    
  5.5646379E-02   1.350993     -1.1972724E-02
 -0.7747313       1.126180     -8.3863325E-02
  0.7643329       1.143887      7.0308112E-02
 -6.6821659E-03  -1.307519     -7.1139164E-02
  0.6306328      -1.173057      6.6224180E-02
 -0.7466035      -1.152127      7.9936326E-02
 -8.6010154E-04  5.9713732E-02  0.9982152    
  6.0537379E-02 -0.5178825      0.8533071    
 -4.3261264E-02  0.5142274      0.8565621    
 -3.7087597E-02  7.4491776E-03 -0.9992843    
  2.0342767E-02  0.5599932     -0.8282474    
 -4.7428377E-02 -0.5198308     -0.8529516    
   1.501203      0.9999999    
  0.9981259      1.6181655E-02  5.9017323E-02
  0.8735839      2.0730946E-02 -0.4862319    
  0.8454374     -1.9938881E-02  0.5337023    
 -0.9962334      6.7251801E-02 -5.4737564E-02
 -0.8660643      4.1600212E-02  0.4981987    
 -0.8488911     -4.2597698E-03 -0.5285506    
  7.0801474E-02   1.353010     -2.6079250E-02
 -0.6948284       1.160107     -1.6750282E-02
  0.7640247       1.158460      3.3487104E-02
 -0.1062909      -1.377932     -7.4287318E-02
  0.7189264      -1.107238     -6.9119662E-02
 -0.7293000      -1.122418     -5.5306159E-02
  4.5801923E-02 -3.3754170E-02  0.9983801    
 -4.9950082E-02 -0.5287561      0.8473028    
 -4.8679132E-02  0.4509545      0.8912185    
 -1.2850576E-02  8.4152920E-03 -0.9998820    
 -8.7832678E-03  0.5485944     -0.8360425    
 -4.6753075E-02 -0.4237599     -0.9045671    
   1.505096      0.9999999    
  0.9985361     -1.8485110E-02 -5.0832842E-02
  0.8358844     -1.5798502E-02 -0.5486781    
  0.8629534      1.8624266E-04  0.5052836    
 -0.9984933     -1.9880552E-02 -5.1145770E-02
 -0.8630415     -7.6647182E-03  0.5050749    
 -0.9037018     -3.5987634E-02 -0.4266473    
 -9.2512980E-02   1.355704     -4.9629644E-02
 -0.6543334       1.185229      5.4686390E-02
  0.7106200       1.171972      0.1197497    
 -0.1021015      -1.319299     -9.4238237E-02
  0.6287805      -1.246645      2.2590559E-02
 -0.5966790      -1.184660     -8.7709054E-03
  3.8727507E-02 -7.8622408E-02  0.9961520    
  8.7777190E-03 -0.5386138      0.8425071    
  4.1711506E-02  0.5575934      0.8290656    
 -8.0124587E-02 -5.7564639E-03 -0.9967682    
  5.6772854E-02  0.5133547     -0.8562965    
  6.5085672E-02 -0.5217394     -0.8506185    
   1.513086      0.9999999    
  0.9973978      2.3565102E-02 -6.8133816E-02
  0.8653308      1.2866616E-02 -0.5010359    
  0.8616783      6.1357664E-03  0.5074179    
 -0.9992646      3.8099859E-02 -4.3104896E-03
 -0.8744243     -6.9455944E-02  0.4801646    
 -0.8697720      1.4976959E-03 -0.4934515    
  8.2254656E-02   1.368921      2.8228885E-02
 -0.6336600       1.212544     -2.2801427E-02
  0.5837750       1.194312      8.4098525E-02
 -1.9655032E-02  -1.383664     -0.1101363    
  0.6011376      -1.260461      9.8597519E-02
 -0.7272748      -1.174159      2.4473093E-02
  6.0123030E-02  1.5633608E-03  0.9981897    
  4.0741887E-02 -0.4989076      0.8656970    
 -4.0154211E-02  0.5048504      0.8622724    
  7.5637996E-02 -2.9956806E-02 -0.9966853    
  7.2232238E-03  0.5299385     -0.8480053    
 -3.4668278E-02 -0.4238309     -0.9050776    
   1.573277      0.9999999    
  0.9953941     -5.2958801E-02 -7.9912931E-02
  0.8487769     -7.5869896E-03 -0.5286967    
  0.8986768     -7.1578905E-02  0.4327314    
 -0.9972579     -3.1073549E-04 -7.4002855E-02
 -0.8949542      3.6204100E-02  0.4446866    
 -0.8995064     -3.6246695E-02 -0.4354013    
 -4.5591664E-02   1.348094     -0.1047958    
 -0.7329336       1.075491     -4.9680423E-02
  0.6383473       1.224469     -6.2165689E-02
  3.2680430E-02  -1.390815     -1.9656463E-02
  0.6039677      -1.223501     -3.1738911E-02
 -0.7911392      -1.151131     -3.9809421E-02
  6.1216649E-02 -6.2511176E-02  0.9961651    
  1.5178164E-02 -0.5378030      0.8429340    
 -3.6450252E-02  0.4744072      0.8795506    
  7.7540942E-02  6.3460357E-02 -0.9949674    
  5.6207594E-03  0.5056322     -0.8627309    
 -4.6516892E-02 -0.5607921     -0.8266488    
   1.553736      0.9999999    
  0.9952959     -5.0807796E-02 -8.2489878E-02
  0.8998513     -6.7612849E-02 -0.4309247    
  0.8605429     -2.1664722E-02  0.5089171    
 -0.9956530     -8.1989184E-02  4.4190075E-02
 -0.8285301     -5.4532789E-02  0.5572827    
 -0.8267536     -4.4976529E-02 -0.5607635    
 -7.1641035E-02   1.396170      1.0581261E-02
 -0.7603275       1.124361     -7.2797395E-02
  0.6176274       1.169532      6.4186491E-02
 -0.1056518      -1.387998      8.5393220E-02
  0.6310626      -1.136310     -6.1942719E-02
 -0.7538133      -1.113990     -7.8239799E-02
 -3.3174220E-02 -2.9986266E-02  0.9989996    
 -4.9591411E-02 -0.4397077      0.8967708    
 -3.3400827E-03  0.4871004      0.8733396    
 -3.9592043E-02 -8.1572436E-02 -0.9958807    
 -8.9407181E-03  0.5120938     -0.8588830    
 -2.2214010E-02 -0.4898763     -0.8715089    
   1.502802      0.9999999    
  0.9992038     -3.3358049E-02  2.1883965E-02
  0.8771467     -6.0859688E-02 -0.4763506    
  0.8249375      1.9303994E-02  0.5648943    
 -0.9995835      2.7109429E-02  9.8956665E-03
 -0.8793064     -1.8008618E-02  0.4759159    
 -0.8221087      5.9368640E-02 -0.5662267    
 -0.1124110       1.367247      6.2074170E-02
 -0.6978555       1.119233      8.1973433E-02
  0.7380480       1.135705      6.7401640E-02
  5.7406150E-02  -1.322940      5.2483693E-02
  0.7552884      -1.103084      5.5372022E-02
 -0.7814791      -1.131167     -3.4723155E-02
 -7.2742645E-03  2.7207771E-02  0.9996033    
 -4.5972440E-02 -0.4933544      0.8686126    
  5.7108525E-02  0.4660024      0.8829385    
 -5.3626951E-02  1.1372420E-02 -0.9984963    
 -1.4671131E-02  0.4232262     -0.9059052    
  3.2255054E-02 -0.5332957     -0.8453138    
   1.531498      0.9999999    
  0.9960687      7.7482805E-02  4.2936575E-02
  0.8565476      5.5054646E-02 -0.5131230    
  0.8653021      6.0928112E-04  0.5012503    
 -0.9957506      5.7630498E-02  7.1829177E-02
 -0.8299077     -2.0571126E-02  0.5575212    
 -0.8288415     -5.2995935E-02 -0.5569679    
  9.6176788E-02   1.365891     -7.7556506E-02
 -0.6653457       1.190368     -8.8754997E-02
  0.5783188       1.200950      4.7762766E-02
 -6.2340531E-02  -1.359053      8.1593134E-03
  0.5896227      -1.247349      2.6416469E-02
 -0.6536447      -1.213241     -5.8694549E-02
  5.5202935E-02 -3.3024017E-02  0.9979289    
  6.6902451E-02 -0.5587837      0.8266104    
 -4.9565889E-02  0.4786857      0.8765861    
  3.8417444E-02  5.3724848E-02 -0.9978165    
 -5.6303475E-02  0.4392845     -0.8965819    
 -7.1508303E-02 -0.4787009     -0.8750611    
   1.548114      0.9999999    
  0.9953799      7.3274456E-02 -6.2046137E-02
  0.8533716     -1.0965469E-02 -0.5211878    
  0.8792748      7.2380207E-02  0.4707833    
 -0.9955499      7.9380788E-02  5.0785024E-02
 -0.8799841      8.1264339E-03  0.4749336    
 -0.8983210     -6.2984347E-02 -0.4348015    
 -8.9158192E-02   1.389865     -8.2174174E-02
 -0.6768500       1.126207      5.8596708E-02
  0.6346574       1.158840     -8.1430353E-02
  8.7661050E-02  -1.317932     -5.0003804E-02
  0.6006911      -1.156334      5.4096170E-02
 -0.6976438      -1.119014     -2.9703172E-02
  4.3145947E-02  6.5581597E-02  0.9969140    
  4.2998169E-02 -0.5583695      0.8284774    
 -5.9446529E-04  0.5231295      0.8522530    
 -4.4218991E-02  8.2808277E-03 -0.9989876    
 -6.0616057E-02  0.5171486     -0.8537465    
  1.6840208E-02 -0.4252692     -0.9049103    
   1.472293      0.9999999    
  0.9981160     -2.4701523E-02 -5.6163929E-02
  0.8423167     -1.8369161E-02 -0.5386697    
  0.8882394     -6.8664148E-02  0.4542202    
 -0.9989520      4.5770504E-02  1.6605225E-04
 -0.8671857      6.1769583E-03  0.4979467    
 -0.8507599     -2.4126796E-02 -0.5250005    
  0.1000923       1.364049      0.1165402    
 -0.7399045       1.122458      4.0570408E-02
  0.6736084       1.126179      0.1089411    
 -7.5578906E-02  -1.372099      0.1140118    
  0.6173837      -1.254045      8.0025932E-03
 -0.7422942      -1.177916      6.0515013E-02
  8.5588552E-02  3.7814021E-02  0.9956127    
 -5.8020116E-03 -0.5240260      0.8516825    
  1.7518541E-02  0.4888403      0.8721974    
  5.5666487E-03  7.7476546E-02 -0.9969786    
 -1.3600308E-02  0.4921264     -0.8704175    
  5.2296914E-02 -0.4406764     -0.8961414    
   1.534054      0.9999999    
  0.9948468     -8.1706718E-02  6.0033359E-02
  0.8588328      2.3803217E-02 -0.5117027    
  0.8255761      4.1335955E-02  0.5627748    
 -0.9992652      2.4499880E-02  2.9475488E-02
 -0.8308062     -2.5448075E-02  0.5559798    
 -0.8396870     -2.7872199E-02 -0.5423549    
 -0.1189322       1.381856      6.7117609E-02
 -0.7331958       1.089525      7.5050995E-02
  0.6499763       1.190177     -0.1077137    
 -5.4214943E-02  -1.345116     -3.4348208E-02
  0.6426507      -1.142245     -7.5077809E-02
 -0.5840546      -1.206480      9.7695298E-02
  8.0300085E-03 -6.5046392E-02  0.9978499    
  5.6675605E-02 -0.4418962      0.8952740    
 -6.4064197E-02  0.5613032      0.8251269    
 -8.0246581E-03 -7.2130568E-02 -0.9973629    
  7.2128810E-02  0.4713376     -0.8789984    
  6.4774498E-02 -0.5399697     -0.8391882    
   1.498416      0.9999999    
  0.9958998     -4.4440825E-02  7.8795336E-02
  0.8471123     -5.2973669E-02 -0.5287671    
  0.8775367      5.4328602E-02  0.4764219    
 -0.9997644      4.0426631E-03  2.1326652E-02
 -0.8257932     -1.1196968E-02  0.5638619    
 -0.8185551     -3.7265189E-02 -0.5732179    
  4.8501261E-02   1.323768     -0.1099765    
 -0.7495314       1.104412      3.8757820E-02
  0.7475311       1.127316     -5.5069715E-02
  1.8340934E-03  -1.305544      6.2603489E-02
  0.6443268      -1.177766     -8.5863121E-02
 -0.7796909      -1.154700     -4.0766587E-03
  6.1650809E-02 -2.0677352E-03  0.9980956    
  6.7416988E-02 -0.4724417      0.8787797    
 -4.4695660E-02  0.4554336      0.8891471    
 -4.6487201E-02 -6.7421414E-02 -0.9966410    
 -2.4375595E-02  0.4318420     -0.9016198    
  4.1689914E-02 -0.5429572     -0.8387249    
   1.512245      0.9999999    
  0.9958336      7.8137621E-02 -4.7010534E-02
  0.8818071     -4.1339104E-03 -0.4715922    
  0.8895807     -7.7547289E-02  0.4501472    
 -0.9956237      4.7971297E-02  8.0201246E-02
 -0.8799824      2.6599041E-03  0.4749989    
 -0.8618108     -7.3466375E-02 -0.5018812    
 -0.1141494       1.380358      9.7937889E-02
 -0.5837839       1.218201     -8.3807603E-02
  0.7315554       1.098307      0.1015127    
  8.7662883E-02  -1.347681      8.8784441E-02
  0.6197582      -1.198955      4.0197838E-02
 -0.6935670      -1.117457      6.7076735E-02
 -3.3196467E-03  3.6042712E-03  0.9999880    
  7.1426630E-02 -0.5008579      0.8625773    
  3.9073341E-02  0.4748955      0.8791744    
 -5.1799782E-02 -4.3263775E-03 -0.9986481    
 -2.3982596E-02  0.5103830     -0.8596128    
 -2.2174653E-02 -0.5215360     -0.8529411    
   1.519793      0.9999999    
  0.9981126      5.9535522E-02  1.5059722E-02
  0.8365144      1.6089346E-02 -0.5477088    
  0.8532430      1.3151031E-02  0.5213478    
 -0.9979019     -2.1575892E-02  6.1043005E-02
 -0.8759818     -7.2254166E-02  0.4769017    
 -0.9030758      3.1599902E-02 -0.4283171    
 -3.6613189E-02   1.358124     -1.0788140E-02
 -0.5849561       1.242129      6.5958254E-02
  0.6973730       1.112086      1.2298752E-02
  0.1080436      -1.344412     -8.1966355E-02
  0.6983212      -1.120517     -0.1141467    
 -0.6739359      -1.122684      6.4466044E-02
  6.0477149E-02 -1.0886777E-02  0.9981102    
  6.2194344E-02 -0.4726782      0.8790377    
  5.2185047E-02  0.4271058      0.9026945    
  7.6792464E-02 -4.1125536E-02 -0.9961985    
  2.9899888E-02  0.4271663     -0.9036785    
 -2.1937257E-02 -0.5146980     -0.8570908    
   1.532548      0.9999999    
  0.9951895     -6.1163008E-02 -7.6530851E-02
  0.8939114     -4.9685195E-02 -0.4454815    
  0.8753157     -3.6804803E-02  0.4821491    
 -0.9991659      2.1637320E-03 -4.0778100E-02
 -0.8687867     -4.2688372E-03  0.4951681    
 -0.8932092     -5.9162959E-02 -0.4457323    
 -1.4319124E-02   1.306840      7.6127904E-03
 -0.7218029       1.119725     -1.7465938E-02
  0.6049569       1.171589      1.8642064E-02
  0.1016941      -1.294197     -7.5548038E-02
  0.6221625      -1.182644      0.1020707    
 -0.6609272      -1.220384      0.1207847    
  8.7034412E-02  3.1837620E-02  0.9956964    
  1.7738102E-02 -0.4452944      0.8952084    
  6.3636757E-02  0.4721236      0.8792325    
  2.6285872E-02 -6.7023031E-02 -0.9974051    
 -6.1242282E-02  0.5098776     -0.8580642    
  6.3481823E-02 -0.5541807     -0.8299721    
   1.518899      0.9999999    
  0.9991984     -3.0387659E-02  2.6061971E-02
  0.8331245     -2.2080529E-02 -0.5526446    
  0.9010090     -2.2484476E-02  0.4332173    
 -0.9937449     -7.3762663E-02  8.3845764E-02
 -0.9011170      1.9651139E-02  0.4331304    
 -0.8214629      3.3047080E-02 -0.5693036    
  9.8313525E-02   1.326282     -7.4332058E-02
 -0.6187848       1.202149      0.1021103    
  0.7711632       1.155293     -0.1185965    
 -2.6762661E-02  -1.398617      3.7608512E-03
  0.6382013      -1.207792      0.1053276    
 -0.7549976      -1.106706      2.2629041E-02
  1.6707614E-02  7.0625298E-02  0.9973630    
  2.2135958E-02 -0.5648886      0.8248702    
  1.1457783E-03  0.4290844      0.9032637    
 -4.7499593E-02  2.7382184E-02 -0.9984959    
 -3.1800918E-02  0.5660440     -0.8237613    
  5.4629181E-02 -0.4659572     -0.8831192    
   1.551992      0.9999999    
  0.9981133     -2.0822436E-02 -5.7760634E-02
  0.8835801     -2.7033767E-02 -0.4674991    
  0.9025318     -2.6734151E-02  0.4297926    
 -0.9961682     -8.2489207E-02  2.9057978E-02
 -0.8705217      2.9072003E-02  0.4912706    
 -0.8511216     -4.0904086E-02 -0.5233725    
 -1.1600421E-02   1.368481     -2.5616463E-02
 -0.5926456       1.190705     -6.3244529E-02
  0.5909584       1.249133      8.8386066E-02
  7.7898636E-02  -1.393133     -4.4969633E-02
  0.6273201      -1.232861      7.5332567E-02
 -0.6647695      -1.124883      6.4330893E-03
 -5.9756590E-03  5.0775178E-02  0.9986922    
 -3.4071751E-02 -0.4261239      0.9040230    
  2.6001517E-02  0.5655993      0.8242702    
  3.8506541E-02  4.7099236E-02 -0.9981477    
  5.2162472E-02  0.4931513     -0.8683783    
  7.3721930E-02 -0.4703369     -0.8794022    
   1.529307      0.9999999    
  0.9955810     -7.0639521E-02 -6.1875623E-02
  0.8487996      4.3015284E-03 -0.5286973    
  0.8504214      8.5914377E-03  0.5260320    
 -0.9967824      1.4346140E-02 -7.8860223E-02
 -0.8313859     -2.2575548E-03  0.5556909    
 -0.8228391     -4.2913336E-02 -0.5666517    
 -7.6600611E-03   1.389012      0.1147149    
 -0.6402543       1.200281      3.6907734E-03
  0.6317407       1.249195      3.1437783E-04
  8.7166496E-02  -1.370682     -0.1197328    
  0.6028600      -1.158556     -4.5814416E-03
 -0.6030482      -1.160562      8.5808367E-02
  1.4594303E-03 -7.7516767E-03  0.9999689    
 -1.2086740E-02 -0.5639310      0.8257334    
 -1.2514151E-03  0.5425938      0.8399943    
  3.0179786E-02  3.6848992E-02 -0.9988650    
  1.6621901E-02  0.4640387     -0.8856589    
  3.2381915E-02 -0.4838677     -0.8745419    
   1.512239      0.9999999    
  0.9988194      1.1532628E-04  4.8577823E-02
  0.8947423      2.0820400E-02 -0.4460974    
  0.8879343      4.7374878E-02  0.4575241    
 -0.9962611     -8.5527755E-02 -1.2200967E-02
 -0.8179461      6.4633220E-02  0.5716525    
 -0.8413453     -3.2831728E-03 -0.5404879    
 -0.1040743       1.371397      7.7123016E-02
 -0.6366363       1.172712     -3.3230398E-02
  0.7166329       1.201608     -3.9938524E-02
 -4.5720451E-02  -1.390690      1.7968306E-03
  0.6438112      -1.186208      5.5289824E-02
 -0.7706854      -1.115472     -1.6530566E-02
  2.9585565E-02 -7.4119149E-03  0.9995347    
  6.0837115E-03 -0.5268866      0.8499138    
 -2.4931319E-02  0.4774353      0.8783132    
 -1.4150834E-02  5.3395078E-02 -0.9984732    
 -5.3154364E-02  0.5163316     -0.8547376    
 -1.3000812E-02 -0.5104793     -0.8597918    
   1.510810      0.9999999    
  0.9994677     -1.0244088E-02  3.0973183E-02
  0.9036331      3.6085796E-02 -0.4267845    
  0.8416367     -2.8254353E-02  0.5393044    
 -0.9941605      6.8368249E-02  8.3490469E-02
 -0.8485587      3.3932563E-02  0.5280120    
 -0.8707225      5.2134421E-02 -0.4890034    
 -7.7495813E-02   1.375018     -7.2879225E-02
 -0.7329170       1.165434     -6.4267173E-02
  0.7081160       1.198570     -4.3849163E-02
  4.0444124E-02  -1.387982     -9.8317442E-03
  0.6107281      -1.212080      3.6096420E-02
 -0.7240463      -1.142833     -0.1149334    
 -2.8705800E-02  5.3817235E-02  0.9981381    
 -3.4212608E-02 -0.5129742      0.8577220    
 -4.8543297E-02  0.5381930      0.8414226    
 -5.6661088E-02  7.0743874E-02 -0.9958839    
 -2.3508267E-02  0.4920967     -0.8702231    
  1.9038815E-02 -0.5625375     -0.8265526    
   1.518475      0.9999999    
  0.9981721     -5.3557009E-02 -2.8000519E-02
  0.8818921      6.2013689E-02 -0.4673550    
  0.9029650     -2.8072221E-02  0.4287962    
 -0.9984279      1.4042843E-02 -5.4263171E-02
 -0.8447546      4.3578837E-02  0.5333766    
 -0.8923792     -5.6284487E-02 -0.4477628    
 -5.8812138E-02   1.323595     -0.1055881    
 -0.6954174       1.204515     -0.1179792    
  0.6287761       1.200703      1.1793677E-02
 -5.3331748E-02  -1.350829     -4.1217931E-02
  0.5710543      -1.204677     -9.9075131E-02
 -0.7333418      -1.079027     -8.4587159E-03
  6.4274117E-02 -2.6016140E-03  0.9979289    
 -5.4882444E-02 -0.4662689      0.8829389    
  6.2552474E-02  0.5098213      0.8580032    
  1.4018457E-02  9.6306009E-03 -0.9998553    
 -7.8106187E-02  0.4262601     -0.9012224    
  5.9517492E-02 -0.5525885     -0.8313264    
   1.533386      0.9999999    
  0.9962181     -7.1908094E-02 -4.8770785E-02
  0.8623503      9.6776569E-04 -0.5063112    
  0.8512119     -6.2496707E-02  0.5210878    
 -0.9972527     -6.5553956E-02  3.4493793E-02
 -0.8648259     -4.7038283E-02  0.4998635    
 -0.9009654     -6.1293676E-02 -0.4295398    
  7.0725918E-02   1.372308     -9.1659024E-02
 -0.6922818       1.209617      7.7747256E-02
  0.6851786       1.160093      2.8157815E-02
 -6.5127954E-02  -1.342844     -5.8354437E-02
  0.7397698      -1.128243      4.4744149E-02
 -0.7790023      -1.135593      7.6403521E-02
  1.6231630E-02 -2.9473868E-03  0.9998639    
  2.0687578E-02 -0.5069291      0.8617395    
 -5.6358006E-02  0.5589639      0.8272745    
 -5.6955099E-02  3.4220595E-02 -0.9977901    
  1.4057748E-03  0.5436709     -0.8392973    
 -6.9194317E-02 -0.4624102     -0.8839621    
   1.531225      0.9999999    
  0.9999195     -6.7614890E-03  1.0731023E-02
  0.8401603     -5.4102439E-02 -0.5396329    
  0.8810958     -4.1577674E-02  0.4711068    
 -0.9986640     -3.3766527E-02 -3.9115015E-02
 -0.8802106      2.1408074E-02  0.4741001    
 -0.8263728      3.0004433E-03 -0.5631154    
  9.8376915E-02   1.294102      7.8397244E-02
 -0.6695970       1.171000     -1.5173452E-02
  0.7206341       1.163538     -2.6982031E-03
  3.6176004E-02  -1.385162     -2.7199894E-02
  0.7011439      -1.180809     -0.1097394    
 -0.6559828      -1.212041      7.9633566E-03
 -7.7363670E-02 -4.0005237E-02  0.9962000    
  2.3432715E-02 -0.4779055      0.8780986    
  2.8910302E-02  0.4320793      0.9013721    
  2.8570756E-02 -1.2484593E-02 -0.9995138    
 -1.7595289E-02  0.5459059     -0.8376617    
  4.8021618E-02 -0.5730121     -0.8181388    
   1.504765      0.9999999    
  0.9968764      7.3926732E-02  2.7790252E-02
  0.8389410     -6.7228023E-03 -0.5441809    
  0.8499185      5.9646547E-02  0.5235273    
 -0.9976161      6.8844207E-02  4.7421255E-03
 -0.8943660     -5.6340639E-02  0.4437738    
 -0.8417678     -1.3427375E-02 -0.5396727    
  0.1073159       1.301537      5.9799336E-02
 -0.6851019       1.125139      2.9406268E-02
  0.6668780       1.228407      7.0737973E-02
 -8.4340274E-02  -1.382949      6.8434745E-02
  0.6076363      -1.243504      6.2427603E-02
 -0.7505870      -1.166846      8.2939528E-02
 -4.4258650E-02 -6.5027557E-02  0.9969015    
 -2.8956821E-02 -0.5322885      0.8460677    
  4.2128777E-03  0.4604464      0.8876775    
 -1.9058153E-02  3.6758497E-02 -0.9991425    
  7.2831027E-03  0.4413812     -0.8972902    
  7.8174815E-02 -0.4355132     -0.8967814    
   1.550474      0.9999999    
  0.9988472     -4.7981780E-02  1.3979692E-03
  0.8714037     -1.9089092E-02 -0.4901951    
  0.8828338      3.0613847E-02  0.4686866    
 -0.9978468     -4.8764009E-02 -4.3859590E-02
 -0.8291631      9.5301932E-03  0.5589256    
 -0.8598950     -5.5908360E-02 -0.5074000    
 -2.1235086E-02   1.341457      0.1040748    
 -0.6218428       1.146942     -7.3954934E-04
  0.5966118       1.217136     -2.1383807E-02
  4.5758422E-02  -1.371953     -4.9859457E-02
  0.5932203      -1.259136     -6.5415785E-02
 -0.6760690      -1.191345     -2.0369345E-03
 -5.6515817E-02  8.4238186E-02  0.9948416    
  2.1848494E-02 -0.4748884      0.8797747    
  5.6949642E-02  0.5577740      0.8280367    
 -2.2330740E-04 -7.7805221E-02 -0.9969686    
 -1.5302159E-02  0.5224333     -0.8525428    
 -5.3045075E-02 -0.5093845     -0.8589026    
   1.540335      0.9999999    
  0.9979008     -2.2978865E-02  6.0546223E-02
  0.8575771     -4.2736162E-02 -0.5125770    
  0.8911907     -5.3812142E-02  0.4504257    
 -0.9995487      2.1710318E-02 -2.0763548E-02
 -0.8454465      2.4596998E-02  0.5334934    
 -0.8640654     -5.6943450E-02 -0.5001484    
 -7.7962443E-02   1.332582     -9.4436835E-03
 -0.5985333       1.163834     -3.6810927E-02
  0.5918836       1.201544      1.9057278E-03
  9.4144017E-02  -1.346472     -7.8632608E-03
  0.5991537      -1.223715     -3.1470243E-02
 -0.6167319      -1.156323      5.5172533E-02
  5.5462293E-02  6.9197923E-02  0.9960600    
 -3.8995024E-02 -0.5658945      0.8235549    
  5.8555644E-02  0.5672604      0.8214541    
  7.0962355E-02  3.0287586E-03 -0.9974744    
  1.0376407E-02  0.5375903     -0.8431423    
 -3.2639533E-02 -0.4955211     -0.8679824    
   1.477758      0.9999999    
  0.9993545      2.9063901E-02  2.1117877E-02
  0.8595382     -5.7698522E-02 -0.5078042    
  0.8509983     -6.5024883E-02  0.5211273    
 -0.9986239      2.0141173E-02  4.8421543E-02
 -0.8676885     -4.3994330E-02  0.4951577    
 -0.8764005     -5.2339554E-02 -0.4787304    
  2.6360128E-02   1.359080     -6.8821579E-02
 -0.7506775       1.075306      6.0671810E-02
  0.5653251       1.194550     -8.9046396E-02
 -3.0714950E-02  -1.365843     -0.1133614    
  0.6515701      -1.237955      4.2276025E-02
 -0.6021728      -1.202846      3.3759821E-02
  5.3500198E-02 -9.2605008E-03  0.9985249    
 -3.6143370E-02 -0.4286547      0.9027452    
  6.0522173E-02  0.4961856      0.8661044    
  3.5108831E-02  6.3076131E-02 -0.9973910    
  5.7878569E-02  0.5195161     -0.8524981    
  3.4315262E-02 -0.4254754     -0.9043192    
   1.513689      0.9999999    
  0.9962064     -7.8577347E-02 -3.7393607E-02
  0.8840654      1.5073963E-02 -0.4671200    
  0.8559639      7.2599582E-02  0.5119132    
 -0.9997028     -1.5254064E-02  1.9018056E-02
 -0.8380391     -6.0261067E-02  0.5422721    
 -0.8280575      1.4300886E-02 -0.5604607    
 -0.1197593       1.388851     -5.6031447E-02
 -0.6890543       1.104251     -5.7687484E-02
  0.7646142       1.117023      4.1892849E-02
  6.6749789E-02  -1.396005      6.3622735E-02
  0.5691419      -1.183074     -0.1133011    
 -0.7661871      -1.149473     -1.2936007E-02
 -2.8035693E-02  4.3748032E-02  0.9986491    
 -5.3953417E-02 -0.5670303      0.8219280    
  4.5887078E-03  0.5583542      0.8295900    
 -3.9185565E-02  4.6568170E-02 -0.9981462    
  5.6467749E-02  0.4904062     -0.8696626    
 -1.0586051E-02 -0.5269169     -0.8498509    
   1.520234      0.9999999    
  0.9963320     -6.6002369E-02  5.4462180E-02
  0.8686866      5.1364623E-02 -0.4926919    
  0.8237372     -2.7445877E-02  0.5663071    
 -0.9976856      4.3973941E-02  5.1863775E-02
 -0.8641733     -7.2178543E-02  0.4979907    
 -0.8677078     -6.4842232E-02 -0.4928272    
  0.1111365       1.373868     -9.3997508E-02
 -0.7182973       1.178420     -2.0616166E-02
  0.6010839       1.253343     -0.1015695    
 -7.3947497E-02  -1.369077     -0.1181074    
  0.6720673      -1.148768      5.0167587E-02
 -0.6529984      -1.175317      4.9863239E-03
 -1.8072905E-02 -7.0197523E-02  0.9973693    
  3.2417078E-02 -0.5487479      0.8353592    
  1.0037096E-02  0.4802054      0.8770987    
 -1.4693620E-02  2.8072489E-02 -0.9994979    
  6.9162254E-03  0.4567277     -0.8895797    
 -6.1583864E-03 -0.5012145     -0.8653011    
   1.551570      0.9999999    
  0.9976076     -9.1835465E-03 -6.8517841E-02
  0.8997651      4.5929894E-02 -0.4339508    
  0.8821374      4.3503914E-02  0.4689788    
 -0.9972204      1.0730034E-02 -7.3732041E-02
 -0.8435932      7.2582424E-02  0.5320547    
 -0.8562646     -7.5305674E-05 -0.5165374    
  6.4363353E-02   1.333804      4.4081505E-02
 -0.6784645       1.122720     -0.1088008    
  0.5925504       1.228482      2.6349932E-02
  9.7535431E-02  -1.369852     -7.6137513E-02
  0.6539828      -1.210517     -9.3316287E-02
 -0.6236456      -1.251282     -7.2368741E-02
  8.5103959E-03 -4.9955726E-02  0.9987152    
  7.2850138E-02 -0.4688161      0.8802865    
 -5.5876207E-02  0.5089512      0.8589799    
 -6.1087772E-02 -3.8517327E-03 -0.9981250    
  5.6841262E-02  0.5610901     -0.8258008    
  2.9153889E-02 -0.4975519     -0.8669441    
   1.581473      0.9999999    
  0.9966229      4.5367293E-02 -6.8444937E-02
  0.8754975      4.2658940E-02 -0.4813361    
  0.8792022     -5.4360036E-02  0.4733376    
 -0.9994224     -2.4507767E-02  2.3543268E-02
 -0.8494733      6.3339271E-02  0.5238161    
 -0.8245193      3.8645312E-02 -0.5645126    
 -0.1070593       1.379421      0.1128823    
 -0.7758759       1.108821     -1.2842443E-02
  0.5762822       1.201960      6.0102463E-02
  3.8697846E-02  -1.385319      3.6131258E-03
  0.6029776      -1.212926      4.7422785E-02
 -0.7712185      -1.107786     -9.0234302E-02
  2.3161171E-02 -6.6860266E-02  0.9974934    
 -3.2797623E-02 -0.4277449      0.9033043    
 -1.5733747E-02  0.5027217      0.8643051    
 -3.0754626E-02  5.5460621E-02 -0.9979871    
 -7.6188250E-03  0.5292307     -0.8484437    
  6.5188833E-02 -0.4411026     -0.8950861    
   1.520001      0.9999999    
  0.9949741      4.9622916E-02  8.6971775E-02
  0.8460703      2.2934563E-02 -0.5325778    
  0.8975077     -1.6618526E-02  0.4406856    
 -0.9987150      5.0664335E-02  1.1958111E-03
 -0.8474791     -2.8421404E-02  0.5300673    
 -0.8964365      3.6632456E-02 -0.4416556    
  8.4394410E-02   1.323382     -5.7058088E-02
 -0.6971463       1.180421      2.9074427E-02
  0.7430804       1.111772     -6.8954742E-03
  3.1044759E-02  -1.323939     -7.9464950E-02
  0.7361705      -1.074360      6.8914697E-02
 -0.6357986      -1.188403     -2.5672052E-02
  1.6896689E-02 -1.1549779E-02  0.9997905    
  2.4093688E-02 -0.5029295      0.8639916    
  3.9679721E-02  0.4960832      0.8673679    
 -1.7573642E-02  4.1726474E-02 -0.9989745    
  5.8534384E-02  0.5602458     -0.8262557    
 -7.3178366E-02 -0.4392623     -0.8953734    
   1.492378      0.9999999    
  0.9982740     -1.2604340E-02  5.7360452E-02
  0.8213886     -3.1547219E-02 -0.5694959    
  0.8452336      6.5697312E-02  0.5303432    
 -0.9962903      1.4545556E-02  8.4816813E-02
 -0.8925995     -1.8093552E-02  0.4504872    
 -0.8449789      2.2304025E-02 -0.5343344    
  1.8830411E-02   1.325114     -5.0169304E-02
 -0.6603062       1.185094      1.4449830E-02
  0.6865582       1.132641      0.1105742    
 -4.3717533E-02  -1.358525      7.2450289E-03
  0.5977805      -1.215882     -3.4941480E-02
 -0.6837294      -1.111851     -4.9085662E-02
 -6.7498885E-02  2.7461145E-02  0.9973413    
 -1.0145663E-02 -0.5278565      0.8492730    
  1.8109132E-02  0.5059263      0.8623866    
  5.8277920E-02 -4.6402521E-02 -0.9972214    
 -5.3647391E-02  0.5090060     -0.8590895    
  5.9167564E-02 -0.4480854     -0.8920307    
   1.512803      0.9999999    
  0.9983035      3.0051459E-02 -4.9870308E-02
  0.8383895     -3.8566172E-02 -0.5437055    
  0.8356225     -2.4172973E-02  0.5487720    
 -0.9992111      3.1888783E-02 -2.3670815E-02
 -0.8961398     -7.6227225E-02  0.4371760    
 -0.8500988     -4.2361900E-02 -0.5249165    
  1.7571934E-02   1.312239     -8.3953835E-02
 -0.5892637       1.201721     -8.7854832E-02
  0.5704544       1.168588     -7.1523935E-02
 -8.9503095E-02  -1.302412     -7.5541437E-02
  0.6839846      -1.153084     -9.5431894E-02
 -0.6711224      -1.109772     -0.1061460    
  8.7111585E-02 -7.5180223E-03  0.9961702    
  2.3547707E-02 -0.5314277      0.8467763    
 -3.6859214E-02  0.4294548      0.9023358    
  1.9180572E-02  4.1775428E-02 -0.9989429    
 -2.2026729E-03  0.4634602     -0.8861150    
 -2.8010407E-02 -0.5373850     -0.8428718    
   1.532913      0.9999999    
  0.9967907      4.6939164E-02 -6.4845681E-02
  0.8689488      5.2848045E-02 -0.4920720    
  0.8889760     -3.4581497E-02  0.4566461    
 -0.9983246      5.3442229E-02 -2.2179950E-02
 -0.8963379      1.5964782E-02  0.4430839    
 -0.8382950      1.5699321E-02 -0.5449909    
 -3.5195954E-02   1.372119     -3.2896694E-02
 -0.7807447       1.139238     -9.1047034E-02
  0.6405584       1.145096     -3.5375129E-02
  0.1077593      -1.365122     -3.6268909E-02
  0.6401016      -1.231272      2.9312430E-02
 -0.6701543      -1.191967     -2.9916141E-02
  1.1522046E-02  8.3940223E-02  0.9964042    
 -3.6440335E-02 -0.5307573      0.8467401    
 -1.6912239E-02  0.4733095      0.8807338    
 -5.3961743E-02  6.2454447E-02 -0.9965880    
  1.9732656E-02  0.4984255     -0.8667079    
  2.7118338E-02 -0.5312011     -0.8468117    
   1.515085      0.9999999    
  0.9991701     -3.9892029E-02  8.2317796E-03
  0.8901956      1.3864962E-02 -0.4553674    
  0.8972506     -2.1422390E-02  0.4410017    
 -0.9976405      1.3031738E-02  6.7406073E-02
 -0.8610062     -7.4679621E-02  0.5030819    
 -0.8528438     -1.5601269E-03 -0.5221639    
  4.0491126E-02   1.302871     -4.3763686E-02
 -0.6658323       1.172138     -8.4499724E-02
  0.6563710       1.197907      1.1750870E-02
  5.4762341E-02  -1.370167      0.1143928    
  0.7022251      -1.145259      0.1171460    
 -0.6624173      -1.147308     -2.0655500E-02
  6.0578831E-02 -1.4603757E-02  0.9980566    
  2.5040178E-02 -0.5475140      0.8364218    
 -4.7203477E-02  0.4373036      0.8980743    
 -1.9772397E-02 -7.2727813E-03 -0.9997780    
  2.9802712E-02  0.4603052     -0.8872603    
 -6.5463237E-02 -0.5421812     -0.8377077    
   1.518436      0.9999999    
  0.9974024      6.9118984E-02  2.0271664E-02
  0.8732132      6.7532025E-02 -0.4826367    
  0.8438572      3.0152818E-02  0.5357199    
 -0.9983678     -5.3948790E-02 -1.8740837E-02
 -0.8353201     -5.5807903E-02  0.5469239    
 -0.8435110      5.0958168E-02 -0.5346890    
 -7.6205894E-02   1.319136     -3.0785372E-02
 -0.6087606       1.215268      5.4551553E-02
  0.7716973       1.161695     -8.6593919E-02
 -1.7135119E-02  -1.356509      8.2642011E-02
  0.7042783      -1.163963      9.0817340E-02
 -0.6371978      -1.190443      0.1015305    
 -8.2663018E-03 -5.8288816E-02  0.9982656    
  3.0933022E-02 -0.5318179      0.8462936    
  3.5698071E-02  0.4989452      0.8658980    
 -3.5729405E-02  1.4525354E-03 -0.9993604    
 -1.3801280E-03  0.4765405     -0.8791515    
 -6.0918778E-02 -0.4373232     -0.8972388    
   1.554252      0.9999999    
  0.9965439     -8.2912438E-02 -5.0804052E-03
  0.8689319     -3.3732902E-02 -0.4937806    
  0.8505843     -3.1203201E-02  0.5249121    
 -0.9982063     -8.2527576E-03  5.9297655E-02
 -0.8967838      3.5687219E-02  0.4410275    
 -0.8685094     -2.5759449E-03 -0.4956660    
 -1.0926331E-02   1.334673      7.4704774E-02
 -0.7611544       1.107401     -0.1150257    
  0.7302096       1.103725      4.6172787E-02
 -4.6430219E-02  -1.368525     -8.3311319E-02
  0.6036304      -1.225943      2.5681630E-02
 -0.7541423      -1.088105     -9.6881781E-03
 -7.3854215E-02 -5.5652853E-02  0.9957150    
 -3.8103197E-02 -0.5491163      0.8348769    
 -1.6669637E-02  0.5703936      0.8212023    
 -6.3149251E-02  7.0447244E-02 -0.9955146    
 -7.7539340E-02  0.4474837     -0.8909243    
  5.4919593E-02 -0.4993702     -0.8646463    
   1.501291      0.9999999    
  0.9962149     -7.3761657E-02 -4.5988932E-02
  0.8864130      3.6397237E-02 -0.4614620    
  0.8901378      6.5000698E-02  0.4510318    
 -0.9970581      7.6049872E-02 -9.5691737E-03
 -0.8757415     -6.0253318E-02  0.4790055    
 -0.8390227      6.1561298E-02 -0.5406026    
  7.1020261E-03   1.362194     -9.1138840E-02
 -0.7612503       1.171155      9.0940982E-02
  0.6360914       1.153583     -3.4095645E-02
 -6.6378273E-02  -1.332684     -3.3051826E-02
  0.7584997      -1.099605     -6.2336657E-02
 -0.6603909      -1.222810      2.6364053E-02
  3.4839757E-02  7.6204486E-02  0.9964833    
 -6.1204031E-02 -0.5248358      0.8490003    
  4.7038462E-02  0.5042137      0.8622969    
  6.5463863E-02  7.0622705E-02 -0.9953526    
 -1.1101403E-02  0.5505732     -0.8347130    
  3.8848028E-02 -0.5355445     -0.8436130    
   1.528442      0.9999999    
  0.9986950     -4.2282641E-02 -2.8644953E-02
  0.8226103      7.0844635E-02 -0.5641748    
  0.8370729      7.0085563E-02  0.5425837    
 -0.9968441     -1.4884873E-02 -7.7976033E-02
 -0.8562046     -5.5677548E-02  0.5136281    
 -0.8936624      1.0066980E-02 -0.4486270    
  4.1894984E-02   1.340879      0.1105725    
 -0.6530890       1.204786     -9.0655424E-02
  0.6313996       1.160712      6.1643366E-02
 -9.1347300E-02  -1.351916      9.7161107E-02
  0.6920215      -1.117181      2.0989390E-02
 -0.7180855      -1.114058      3.4226257E-02
 -5.2594244E-02  3.1299894E-03  0.9986111    
 -3.8091667E-02 -0.5638068      0.8250278    
  2.5959970E-02  0.4911626      0.8706810    
 -1.4526455E-03 -2.5777915E-02 -0.9996666    
  1.3101691E-03  0.5543184     -0.8323037    
  4.2213220E-02 -0.4849264     -0.8735356    
   1.539292      0.9999999    
  0.9951569      7.9864927E-02 -5.7307940E-02
  0.8520053      2.2108210E-02 -0.5230662    
  0.8198394      6.3545056E-02  0.5690566    
 -0.9994951      2.7236184E-02 -1.6358476E-02
 -0.8538101     -3.8443893E-02  0.5191633    
 -0.8533835     -6.5847047E-02 -0.5171081    
  3.2172151E-02   1.377758     -7.8216791E-02
 -0.7225208       1.195493     -6.5193273E-02
  0.7426065       1.089105      4.4171840E-02
 -2.0567546E-02  -1.376365      0.1086408    
  0.7006795      -1.178770     -3.6749162E-02
 -0.6504846      -1.211714     -7.0075266E-02
  8.1382599E-04  2.1361277E-02  0.9997715    
  6.9057472E-02 -0.5118079      0.8563199    
 -4.9990319E-02  0.5132409      0.8567875    
  3.3344030E-02  1.0325891E-02 -0.9993906    
 -2.0105502E-02  0.5290808     -0.8483332    
  4.6798803E-02 -0.4766269     -0.8778592    
   1.512741      0.9999999    
  0.9971862     -5.1461603E-04 -7.4962296E-02
  0.8887679     -1.4666748E-02 -0.4581228    
  0.8456084     -6.6319555E-02  0.5296681    
 -0.9976529      8.2543353E-03 -6.7974277E-02
 -0.8455676     -3.8076334E-02  0.5325088    
 -0.8697757      2.0863026E-02 -0.4930060    
 -0.1007867       1.305167     -4.7131076E-02
 -0.7629630       1.147176      4.9069736E-02
  0.6103842       1.245821      7.5790599E-02
 -1.0729110E-02  -1.339142     -9.1804199E-02
  0.6171376      -1.203934      0.1170063    
 -0.6882215      -1.137764     -0.1155037    
 -6.5675810E-02 -3.1323779E-02  0.9973493    
 -7.0751771E-02 -0.5052862      0.8600465    
 -1.8014757E-02  0.5191009      0.8545231    
 -3.4675002E-02 -9.4088819E-03 -0.9993543    
  4.2650331E-02  0.5606393     -0.8269610    
 -2.4401568E-02 -0.5697638     -0.8214462    
   1.511066      0.9999999    
  0.9959346     -3.6473982E-02 -8.2364202E-02
  0.8675123     -1.1767044E-02 -0.4972765    
  0.8471365     -6.1012648E-02  0.5278610    
 -0.9960556      4.4925220E-02 -7.6517917E-02
 -0.8414295      3.9410301E-02  0.5389277    
 -0.8254312     -1.7415710E-03 -0.5645001    
  5.3824011E-02   1.380336      3.2170366E-02
 -0.5704841       1.211682      2.3586195E-02
  0.7532377       1.119846     -1.4070491E-02
 -3.9184052E-02  -1.386006     -8.0891348E-02
  0.5706790      -1.178253      5.8130495E-02
 -0.7688536      -1.121505     -8.8294595E-02
  4.8344620E-02 -3.4783967E-02  0.9982249    
 -9.4407229E-03 -0.4592835      0.8882396    
  1.7571338E-02  0.5060381      0.8623321    
  2.3984829E-02 -8.6616985E-02 -0.9959529    
  6.6423386E-02  0.4369622     -0.8970240    
 -5.1293615E-02 -0.4275289     -0.9025453    
   1.515509      0.9999999    
  0.9976381     -4.0699568E-02 -5.5332415E-02
  0.8280138      1.4131673E-02 -0.5605295    
  0.8653048     -6.5502584E-02  0.4969478    
 -0.9991975     -2.8678428E-02  2.7960857E-02
 -0.8984694     -1.4707308E-02  0.4387899    
 -0.8263419     -4.5205928E-02 -0.5613515    
 -8.9037962E-02   1.326902     -9.4495848E-02
 -0.7439254       1.119008     -5.7937197E-02
  0.6519714       1.230475     -0.1103848    
  0.1130680      -1.392613      4.3018509E-02
  0.6537582      -1.133880      3.4855790E-02
 -0.5572219      -1.193354      1.2031952E-02
  1.8928533E-02 -5.7595927E-02  0.9981605    
 -5.9608717E-02 -0.4972410      0.8655623    
 -3.3145942E-02  0.4861283      0.8732587    
 -6.4810715E-03  2.1849042E-02 -0.9997402    
 -1.5557455E-02  0.4341271     -0.9007173    
 -2.8561212E-02 -0.5041907     -0.8631200    
   1.570034      0.9999999    
  0.9992723      2.7156709E-02  2.6784254E-02
  0.8350370     -7.2116330E-02 -0.5454470    
  0.8790416      4.1218519E-02  0.4749600    
 -0.9993845      9.5896851E-03 -3.3742897E-02
 -0.8637485     -2.5757501E-02  0.5032644    
 -0.8489339     -6.9540188E-02 -0.5239040    
 -7.0920154E-02   1.370417     -2.4897665E-02
 -0.6305167       1.174897      8.3041884E-02
  0.5758178       1.199363     -7.1713299E-02
 -6.1285786E-02  -1.358990      2.3361417E-03
  0.6078827      -1.209308     -3.6020014E-02
 -0.6115463      -1.187688     -2.5172841E-03
  7.5520404E-02 -5.4436427E-02  0.9956572    
  2.5006285E-02 -0.5249741      0.8507507    
 -1.3219167E-02  0.5641102      0.8255937    
  4.9656063E-02 -7.5712264E-02 -0.9958925    
 -6.7654133E-02  0.4677468     -0.8812694    
 -1.5183231E-02 -0.4511253     -0.8923315    
   1.500837      0.9999999    
  0.9961973      4.5396533E-02  7.4364327E-02
  0.8580551     -4.3335818E-02 -0.5117260    
  0.8847566     -5.7647772E-02  0.4624744    
 -0.9953806      6.7370586E-02 -6.8400361E-02
 -0.8988817      7.8060389E-02  0.4311823    
 -0.8579132     -4.5748014E-02 -0.5117539    
 -2.4114685E-02   1.374838      3.3937751E-03
 -0.5874098       1.196390     -0.1048012    
  0.7487711       1.153004     -5.4480195E-02
  0.1117713      -1.334647     -9.0066992E-02
  0.7514386      -1.147078     -2.1252759E-02
 -0.6738229      -1.199790     -0.1021737    
  7.4705225E-03 -9.6035125E-03  0.9999260    
  6.5354578E-02 -0.4366889      0.8972355    
 -7.0162378E-02  0.5052238      0.8601315    
  2.9643420E-03 -1.2539998E-02 -0.9999170    
  5.1287796E-02  0.4992999     -0.8649099    
  6.6781223E-02 -0.5407551     -0.8385250    
   1.581290      0.9999999    
  0.9961838      3.5040971E-02  7.9936333E-02
  0.8599910      4.2783067E-02 -0.5085127    
  0.8590432     -3.2439888E-02  0.5108741    
 -0.9978094      6.3035570E-02  2.0072186E-02
 -0.8657483      1.5853651E-02  0.5002286    
 -0.8963077      5.3571735E-02 -0.4401847    
  8.2834505E-02   1.349597     -7.3706254E-02
 -0.6684087       1.153520     -3.3401869E-02
  0.6755780       1.218494      6.3735850E-02
 -8.1842676E-02  -1.309182     -0.1090798    
  0.7283835      -1.163179      3.5889889E-03
 -0.6521195      -1.124296     -8.9536078E-02
 -2.2278700E-02 -2.8593197E-02  0.9993428    
 -1.5893145E-02 -0.4654145      0.8849502    
 -2.8191740E-02  0.5577210      0.8295496    
  8.2479425E-02 -5.5492520E-02 -0.9950466    
 -6.6799968E-02  0.4897242     -0.8693146    
  5.1135756E-02 -0.5118505     -0.8575513    
   1.524014      0.9999999    
  0.9967882     -1.5250128E-02 -7.8617878E-02
  0.9016362      3.7049145E-02 -0.4309054    
  0.8889218     -2.8503090E-02  0.4571713    
 -0.9998170     -1.3787252E-02 -1.3261852E-02
 -0.8893125     -5.6955587E-02  0.4537392    
 -0.8511946     -8.7078484E-03 -0.5247781    
  7.7980459E-02   1.323352     -3.3182759E-02
 -0.7737874       1.158973     -7.2336324E-02
  0.6724329       1.131690      0.1010100    
  7.5003527E-02  -1.316499      6.1669961E-02
  0.6884426      -1.141129     -5.6507636E-02
 -0.6545388      -1.133320      9.6469387E-02
 -4.5171849E-02  1.9162165E-02  0.9987954    
 -2.6331192E-02 -0.4516950      0.8917838    
 -5.7867169E-02  0.5075018      0.8597053    
  3.0019062E-02 -7.3084749E-02 -0.9968738    
  3.1044032E-02  0.5467107     -0.8367459    
  4.9539957E-02 -0.5625572     -0.8252728    
   1.509282      0.9999999    
  0.9967247      2.4669519E-02 -7.7014856E-02
  0.8627577     -2.6408773E-02 -0.5049275    
  0.8921812      7.4452716E-03  0.4516163    
 -0.9947155     -7.8685962E-02 -6.5952837E-02
 -0.8348604      3.0310627E-02  0.5496266    
 -0.8884833      9.7680427E-03 -0.4588050    
 -2.2694487E-02   1.300875     -5.2579518E-02
 -0.6311937       1.149816      1.0656928E-02
  0.7466327       1.149329     -2.0184454E-02
  3.0375008E-02  -1.393989      7.0443928E-02
  0.6110365      -1.245758      3.7922919E-02
 -0.6149653      -1.250658     -7.3864862E-02
  7.9589494E-02  4.9252957E-02  0.9956102    
 -3.1858243E-03 -0.4849122      0.8745571    
  5.2215535E-02  0.5405470      0.8396919    
  6.7606166E-02 -5.4177508E-02 -0.9962401    
 -2.9968831E-03  0.5715588     -0.8205556    
  3.3004437E-02 -0.4716249     -0.8811814    
   1.543147      0.9999999    
  0.9965810      7.3727146E-02  3.7291002E-02
  0.8655943     -1.5693575E-02 -0.5004998    
  0.8269395      6.4585954E-02  0.5585693    
 -0.9969432     -4.3201327E-02  6.5098129E-02
 -0.8907753      6.0324218E-02  0.4504223    
 -0.8653057      5.2619051E-02 -0.4984749    
 -0.1159433       1.368895      8.0125555E-02
 -0.6925444       1.171140     -8.6813793E-02
  0.6182594       1.162654     -2.4681704E-02
  2.6950970E-02  -1.320637      0.1153150    
  0.7022216      -1.180614     -9.8377019E-02
 -0.6478694      -1.170024     -4.4642568E-02
 -6.2354974E-02 -6.1574567E-02  0.9961528    
 -2.7469574E-02 -0.4284150      0.9031644    
  3.8259868E-02  0.5694015      0.8211688    
 -5.7274681E-02 -7.8954451E-02 -0.9952316    
 -4.4317856E-02  0.4250699     -0.9040749    
 -4.6444391E-03 -0.4463522     -0.8948453    
   1.556782      0.9999999    
  0.9978573      3.3218756E-02 -5.6367986E-02
  0.9008489      5.2416641E-03 -0.4341012    
  0.8427582      4.9721025E-02  0.5359910    
 -0.9982200     -5.2381828E-02 -2.8513344E-02
 -0.8688367      3.1897914E-02  0.4940702    
 -0.8827010      7.6544091E-02 -0.4636593    
  0.1018382       1.335343      0.1079309    
 -0.6113265       1.170396      8.4394105E-02
  0.6117866       1.200639      7.0994563E-02
  4.4448383E-02  -1.342689     -3.2910284E-02
  0.6961730      -1.182967      4.7253659E-03
 -0.5917675      -1.174628     -6.1925794E-03
  8.5368641E-02 -1.9746482E-02  0.9961538    
 -3.4624860E-02 -0.5187260      0.8542391    
 -1.2096868E-02  0.5172644      0.8557402    
  5.5261850E-02 -5.6073830E-02 -0.9968961    
 -5.6196179E-02  0.4805910     -0.8751424    
  8.8670580E-03 -0.4610971     -0.8873053    
   1.513179      0.9999999    
  0.9983711      4.7045168E-02  3.2279707E-02
  0.8877110     -7.1787558E-02 -0.4547700    
  0.8906228      5.8084529E-02  0.4510181    
 -0.9973031      3.0727107E-02 -6.6651590E-02
 -0.8546720      4.6506505E-02  0.5170812    
 -0.8898058     -1.0384277E-02 -0.4562213    
 -8.6090215E-02   1.395175     -6.9460675E-02
 -0.7207705       1.080918      9.6378185E-02
  0.7339624       1.090864      6.9374219E-02
  6.6049382E-02  -1.330888     -0.1122995    
  0.6072708      -1.198776      8.8365525E-02
 -0.5860883      -1.203323      3.7290882E-02
 -5.5374667E-02 -8.5624062E-02  0.9947875    
  1.0826190E-02 -0.5231806      0.8521531    
 -4.3521479E-02  0.5187650      0.8538084    
  8.4503189E-02 -8.0881804E-02 -0.9931352    
 -7.1007632E-02  0.5457917     -0.8349067    
  5.5774994E-02 -0.5634370     -0.8242741    
   1.490281      0.9999999    
  0.9985859     -4.8744645E-02 -2.1213753E-02
  0.8771540      3.3499479E-02 -0.4790393    
  0.8574333      4.3080650E-02  0.5127887    
 -0.9959672      5.8633387E-02  6.7907751E-02
 -0.8809533     -1.0789135E-03  0.4732020    
 -0.8509845     -1.5543039E-02 -0.5249608    
 -6.6837341E-02   1.378966     -9.9415686E-03
 -0.7408754       1.148275     -8.6290821E-02
  0.7906879       1.130468     -8.0648996E-02
  8.8574804E-02  -1.372705      2.4027550E-03
  0.7060532      -1.140311     -8.5530549E-02
 -0.6062703      -1.223096     -4.3824096E-03
 -7.2367221E-02  7.4458741E-02  0.9945949    
  3.6114585E-02 -0.4593038      0.8875448    
 -6.6081971E-02  0.5067504      0.8595564    
  7.8572482E-02  4.3433942E-03 -0.9968989    
 -4.3406907E-02  0.4408813     -0.8965153    
  2.5663598E-02 -0.4917635     -0.8703505    
   1.519488      0.9999999    
  0.9995748     -2.7453631E-02  9.8269498E-03
  0.8439645      4.7431450E-02 -0.5342979    
  0.9029663     -3.1978998E-02  0.4285197    
 -0.9984357     -1.3598943E-02 -5.4231752E-02
 -0.8461890     -5.7214513E-02  0.5298025    
 -0.8562084      5.9326194E-02 -0.5132130    
 -7.8441530E-02   1.321612     -9.5740385E-02
 -0.6656813       1.171590      5.7442833E-02
  0.5914533       1.203058      0.1103645    
  1.9669263E-02  -1.346838     -0.1096351    
  0.6088544      -1.220084     -0.1142843    
 -0.6085052      -1.155823      2.9899467E-02
  4.5596575E-03  3.7478991E-02  0.9992870    
 -6.2662363E-02 -0.5437682      0.8368928    
  6.2563710E-02  0.4341642      0.8986586    
  3.4605069E-03  1.8891217E-02 -0.9998156    
 -6.4399183E-02  0.5303380     -0.8453367    
  2.9335335E-02 -0.5615001     -0.8269565    
   1.516371      0.9999999    
